6.796875000000000000e+02
6.718750000000000000e+02
6.835937500000000000e+02
1.281250000000000000e+03
6.757812500000000000e+02
1.312500000000000000e+03
6.796875000000000000e+02
6.757812500000000000e+02
6.835937500000000000e+02
7.148437500000000000e+02
6.953125000000000000e+02
7.148437500000000000e+02
6.718750000000000000e+02
7.070312500000000000e+02
7.109375000000000000e+02
7.421875000000000000e+02
7.070312500000000000e+02
6.992187500000000000e+02
7.031250000000000000e+02
7.187500000000000000e+02
7.343750000000000000e+02
1.285156250000000000e+03
1.933593750000000000e+03
1.273437500000000000e+03
1.265625000000000000e+03
1.843750000000000000e+03
1.144531250000000000e+03
1.125000000000000000e+03
1.183593750000000000e+03
1.292968750000000000e+03
2.246093750000000000e+03
8.476562500000000000e+02
7.851562500000000000e+02
7.656250000000000000e+02
7.968750000000000000e+02
8.007812500000000000e+02
7.539062500000000000e+02
7.734375000000000000e+02
8.046875000000000000e+02
8.281250000000000000e+02
8.398437500000000000e+02
7.226562500000000000e+02
5.277343750000000000e+03
1.621093750000000000e+03
7.656250000000000000e+02
7.109375000000000000e+02
3.542968750000000000e+03
7.070312500000000000e+02
7.148437500000000000e+02
6.992187500000000000e+02
7.226562500000000000e+02
7.109375000000000000e+02
6.757812500000000000e+02
6.875000000000000000e+02
7.265625000000000000e+02
7.265625000000000000e+02
7.070312500000000000e+02
6.718750000000000000e+02
1.367187500000000000e+03
2.007812500000000000e+03
6.723046875000000000e+04
1.345312500000000000e+04
5.781250000000000000e+03
2.089843750000000000e+03
2.011718750000000000e+03
1.328125000000000000e+03
1.410156250000000000e+03
6.953125000000000000e+02
6.953125000000000000e+02
7.265625000000000000e+02
6.992187500000000000e+02
7.070312500000000000e+02
1.355468750000000000e+03
6.992187500000000000e+02
3.214843750000000000e+03
1.328125000000000000e+03
1.312500000000000000e+03
6.679687500000000000e+02
6.796875000000000000e+02
7.695312500000000000e+02
6.835937500000000000e+02
6.992187500000000000e+02
7.109375000000000000e+02
6.796875000000000000e+02
7.187500000000000000e+02
6.875000000000000000e+02
6.835937500000000000e+02
6.796875000000000000e+02
6.835937500000000000e+02
6.757812500000000000e+02
1.300781250000000000e+03
6.835937500000000000e+02
1.304687500000000000e+03
6.718750000000000000e+02
7.070312500000000000e+02
7.070312500000000000e+02
7.031250000000000000e+02
6.914062500000000000e+02
7.031250000000000000e+02
7.070312500000000000e+02
6.914062500000000000e+02
6.953125000000000000e+02
1.332031250000000000e+03
5.953125000000000000e+03
6.757812500000000000e+02
1.773046875000000000e+04
1.937500000000000000e+03
1.250000000000000000e+03
4.496093750000000000e+03
6.875000000000000000e+02
1.328125000000000000e+03
1.988281250000000000e+03
6.757812500000000000e+02
1.988281250000000000e+03
2.023437500000000000e+03
1.320312500000000000e+03
1.312500000000000000e+03
1.289062500000000000e+03
8.339843750000000000e+03
7.140625000000000000e+03
1.281250000000000000e+03
1.289062500000000000e+03
1.205468750000000000e+04
1.242187500000000000e+03
1.273437500000000000e+03
1.992187500000000000e+03
2.003906250000000000e+03
1.300781250000000000e+03
1.300781250000000000e+03
1.937500000000000000e+03
1.324218750000000000e+03
1.324218750000000000e+03
1.285156250000000000e+03
1.917968750000000000e+03
1.292968750000000000e+03
1.332031250000000000e+03
1.324218750000000000e+03
6.835937500000000000e+02
1.296875000000000000e+03
1.324218750000000000e+03
6.945312500000000000e+03
1.953125000000000000e+03
1.472656250000000000e+03
2.796875000000000000e+03
2.367187500000000000e+03
1.218750000000000000e+03
4.261718750000000000e+03
5.601562500000000000e+03
5.582031250000000000e+03
7.257812500000000000e+03
6.757812500000000000e+02
6.796875000000000000e+02
6.796875000000000000e+02
2.039062500000000000e+03
1.312500000000000000e+03
1.316406250000000000e+03
9.101562500000000000e+03
2.566406250000000000e+03
1.296875000000000000e+03
1.289062500000000000e+03
6.718750000000000000e+02
1.281250000000000000e+03
1.253906250000000000e+03
1.234375000000000000e+03
1.839843750000000000e+03
1.894531250000000000e+03
2.531250000000000000e+03
3.703125000000000000e+03
1.312500000000000000e+03
6.914062500000000000e+02
6.679687500000000000e+02
1.351562500000000000e+03
6.875000000000000000e+02
1.328125000000000000e+03
1.261718750000000000e+03
1.835937500000000000e+03
1.191406250000000000e+03
1.929687500000000000e+03
1.320312500000000000e+03
6.718750000000000000e+02
1.285156250000000000e+03
1.312500000000000000e+03
1.328125000000000000e+03
1.933593750000000000e+03
1.304687500000000000e+03
7.187500000000000000e+02
6.875000000000000000e+02
7.304687500000000000e+02
6.757812500000000000e+02
7.226562500000000000e+02
6.914062500000000000e+02
6.835937500000000000e+02
1.335937500000000000e+03
3.238281250000000000e+03
1.929687500000000000e+03
1.242187500000000000e+03
1.265625000000000000e+03
1.207031250000000000e+03
1.812500000000000000e+03
1.257812500000000000e+03
6.875000000000000000e+02
7.265625000000000000e+02
6.796875000000000000e+02
6.679687500000000000e+02
2.664062500000000000e+03
6.757812500000000000e+02
1.265625000000000000e+03
1.285156250000000000e+03
2.546875000000000000e+03
1.480859375000000000e+04
1.250000000000000000e+03
6.875000000000000000e+02
1.304687500000000000e+03
1.292968750000000000e+03
1.296875000000000000e+03
6.679687500000000000e+02
1.320312500000000000e+03
1.041796875000000000e+04
1.316406250000000000e+03
1.261718750000000000e+03
7.773437500000000000e+02
1.113281250000000000e+03
1.253906250000000000e+03
1.234375000000000000e+03
1.816406250000000000e+03
