1.351562500000000000e+03
1.246093750000000000e+03
7.226562500000000000e+02
7.851562500000000000e+02
9.960937500000000000e+02
1.355468750000000000e+03
7.070312500000000000e+02
8.007812500000000000e+02
7.187500000000000000e+02
9.531250000000000000e+02
8.789062500000000000e+02
9.531250000000000000e+02
1.539062500000000000e+03
9.570312500000000000e+02
1.207031250000000000e+03
1.847656250000000000e+03
9.179687500000000000e+02
9.218750000000000000e+02
6.718750000000000000e+02
1.015625000000000000e+03
1.042968750000000000e+03
8.945312500000000000e+02
1.070312500000000000e+03
1.007812500000000000e+03
7.187500000000000000e+02
1.042968750000000000e+03
1.113281250000000000e+03
9.960937500000000000e+02
1.218750000000000000e+03
1.367187500000000000e+03
6.757812500000000000e+02
8.984375000000000000e+02
9.218750000000000000e+02
8.046875000000000000e+02
8.125000000000000000e+02
8.789062500000000000e+02
7.734375000000000000e+02
7.304687500000000000e+02
9.492187500000000000e+02
1.414062500000000000e+03
1.449218750000000000e+03
1.109375000000000000e+03
9.726562500000000000e+02
7.500000000000000000e+02
1.367187500000000000e+03
1.500000000000000000e+03
8.906250000000000000e+02
8.437500000000000000e+02
3.875000000000000000e+03
9.453125000000000000e+02
9.062500000000000000e+02
6.875000000000000000e+02
2.855468750000000000e+03
6.679687500000000000e+02
6.757812500000000000e+02
8.867187500000000000e+02
1.550781250000000000e+03
1.031250000000000000e+03
2.207031250000000000e+03
1.128906250000000000e+04
6.875000000000000000e+02
1.464843750000000000e+03
6.664062500000000000e+03
7.500000000000000000e+02
1.328125000000000000e+03
8.437500000000000000e+02
1.070312500000000000e+03
9.765625000000000000e+02
6.835937500000000000e+02
1.316406250000000000e+03
1.328125000000000000e+03
8.125000000000000000e+02
8.281250000000000000e+02
1.195312500000000000e+03
6.679687500000000000e+02
2.265625000000000000e+03
1.003906250000000000e+03
1.937500000000000000e+03
9.492187500000000000e+02
8.125000000000000000e+02
