6.835937500000000000e+02
1.015625000000000000e+03
1.117187500000000000e+03
1.000000000000000000e+03
1.082031250000000000e+03
3.019531250000000000e+03
1.035156250000000000e+03
6.953125000000000000e+02
7.695312500000000000e+02
7.343750000000000000e+02
7.812500000000000000e+02
1.050781250000000000e+03
6.835937500000000000e+02
8.828125000000000000e+02
6.992187500000000000e+02
6.835937500000000000e+02
6.835937500000000000e+02
9.492187500000000000e+02
1.000000000000000000e+03
7.656250000000000000e+02
1.234375000000000000e+03
1.113281250000000000e+03
7.187500000000000000e+02
8.828125000000000000e+02
7.656250000000000000e+02
7.460937500000000000e+02
1.066406250000000000e+03
9.335937500000000000e+02
7.656250000000000000e+02
7.187500000000000000e+02
9.648437500000000000e+02
1.296875000000000000e+03
1.183593750000000000e+03
1.164062500000000000e+03
1.335937500000000000e+03
7.148437500000000000e+02
8.984375000000000000e+02
7.500000000000000000e+02
1.882812500000000000e+03
1.480468750000000000e+03
1.011718750000000000e+03
1.988281250000000000e+03
9.179687500000000000e+02
7.656250000000000000e+02
6.992187500000000000e+02
1.000000000000000000e+03
7.304687500000000000e+02
9.687500000000000000e+02
6.835937500000000000e+02
8.164062500000000000e+02
2.734375000000000000e+03
2.273437500000000000e+03
6.835937500000000000e+02
7.382812500000000000e+02
7.343750000000000000e+02
7.656250000000000000e+02
7.500000000000000000e+02
1.164062500000000000e+03
1.285156250000000000e+03
8.320312500000000000e+02
7.148437500000000000e+02
9.335937500000000000e+02
2.503906250000000000e+03
8.515625000000000000e+02
1.539062500000000000e+03
1.343750000000000000e+03
1.226562500000000000e+03
8.320312500000000000e+02
1.390625000000000000e+03
9.804687500000000000e+02
1.242187500000000000e+03
9.804687500000000000e+02
8.320312500000000000e+02
1.265625000000000000e+03
8.789062500000000000e+02
1.238281250000000000e+03
1.210937500000000000e+03
1.070312500000000000e+03
9.765625000000000000e+02
9.335937500000000000e+02
6.835937500000000000e+02
8.828125000000000000e+02
1.015625000000000000e+03
6.953125000000000000e+02
9.960937500000000000e+02
7.421875000000000000e+02
1.082031250000000000e+03
6.835937500000000000e+02
7.656250000000000000e+02
6.992187500000000000e+02
8.828125000000000000e+02
8.671875000000000000e+02
1.281250000000000000e+03
7.500000000000000000e+02
1.316406250000000000e+03
1.199218750000000000e+03
7.500000000000000000e+02
8.164062500000000000e+02
6.992187500000000000e+02
6.835937500000000000e+02
6.992187500000000000e+02
1.050781250000000000e+03
2.214843750000000000e+03
7.500000000000000000e+02
8.828125000000000000e+02
1.082031250000000000e+03
1.000000000000000000e+03
7.500000000000000000e+02
1.214843750000000000e+03
1.199218750000000000e+03
7.500000000000000000e+02
7.656250000000000000e+02
6.992187500000000000e+02
9.492187500000000000e+02
9.492187500000000000e+02
6.835937500000000000e+02
1.214843750000000000e+03
7.656250000000000000e+02
7.500000000000000000e+02
1.148437500000000000e+03
4.097656250000000000e+03
1.000000000000000000e+03
6.992187500000000000e+02
2.265625000000000000e+03
5.777343750000000000e+03
7.656250000000000000e+02
9.843750000000000000e+02
8.828125000000000000e+02
1.050781250000000000e+03
7.500000000000000000e+02
1.152343750000000000e+03
1.000000000000000000e+03
1.285156250000000000e+03
2.699218750000000000e+03
1.273437500000000000e+03
1.167968750000000000e+03
1.214843750000000000e+03
1.601562500000000000e+03
1.093750000000000000e+03
1.179687500000000000e+03
1.382812500000000000e+03
7.500000000000000000e+02
1.121093750000000000e+03
1.179687500000000000e+03
1.199218750000000000e+03
7.656250000000000000e+02
7.500000000000000000e+02
1.000000000000000000e+03
8.164062500000000000e+02
9.335937500000000000e+02
7.656250000000000000e+02
7.500000000000000000e+02
9.335937500000000000e+02
1.132812500000000000e+03
6.835937500000000000e+02
9.843750000000000000e+02
1.082031250000000000e+03
6.679687500000000000e+02
9.648437500000000000e+02
6.835937500000000000e+02
7.500000000000000000e+02
8.828125000000000000e+02
1.000000000000000000e+03
1.132812500000000000e+03
1.300781250000000000e+03
9.687500000000000000e+02
8.476562500000000000e+02
6.992187500000000000e+02
7.031250000000000000e+02
1.281250000000000000e+03
1.015625000000000000e+03
1.000000000000000000e+03
6.679687500000000000e+02
7.656250000000000000e+02
1.066406250000000000e+03
6.835937500000000000e+02
7.656250000000000000e+02
8.671875000000000000e+02
8.828125000000000000e+02
6.835937500000000000e+02
1.066406250000000000e+03
8.671875000000000000e+02
8.828125000000000000e+02
7.500000000000000000e+02
9.023437500000000000e+02
8.632812500000000000e+02
8.515625000000000000e+02
7.148437500000000000e+02
9.335937500000000000e+02
8.007812500000000000e+02
8.320312500000000000e+02
7.500000000000000000e+02
1.000000000000000000e+03
1.382812500000000000e+03
6.835937500000000000e+02
6.835937500000000000e+02
7.500000000000000000e+02
8.320312500000000000e+02
7.343750000000000000e+02
1.082031250000000000e+03
7.500000000000000000e+02
6.835937500000000000e+02
6.992187500000000000e+02
9.335937500000000000e+02
7.343750000000000000e+02
8.320312500000000000e+02
1.082031250000000000e+03
1.199218750000000000e+03
1.250000000000000000e+03
7.500000000000000000e+02
6.835937500000000000e+02
8.359375000000000000e+02
7.187500000000000000e+02
7.421875000000000000e+02
1.207031250000000000e+03
1.132812500000000000e+03
8.593750000000000000e+02
9.570312500000000000e+02
8.593750000000000000e+02
9.726562500000000000e+02
8.671875000000000000e+02
8.164062500000000000e+02
1.167968750000000000e+03
1.015625000000000000e+03
8.671875000000000000e+02
8.945312500000000000e+02
8.359375000000000000e+02
6.796875000000000000e+02
1.152343750000000000e+03
6.679687500000000000e+02
6.796875000000000000e+02
6.875000000000000000e+02
1.000000000000000000e+03
7.695312500000000000e+02
1.199218750000000000e+03
8.007812500000000000e+02
7.500000000000000000e+02
1.117187500000000000e+03
6.953125000000000000e+02
7.500000000000000000e+02
1.050781250000000000e+03
9.882812500000000000e+02
8.164062500000000000e+02
8.671875000000000000e+02
8.906250000000000000e+02
1.242187500000000000e+03
8.828125000000000000e+02
1.050781250000000000e+03
6.835937500000000000e+02
6.796875000000000000e+02
7.539062500000000000e+02
1.117187500000000000e+03
1.152343750000000000e+03
6.757812500000000000e+02
7.187500000000000000e+02
7.148437500000000000e+02
6.835937500000000000e+02
8.164062500000000000e+02
8.828125000000000000e+02
9.492187500000000000e+02
7.500000000000000000e+02
8.164062500000000000e+02
8.671875000000000000e+02
7.656250000000000000e+02
7.656250000000000000e+02
9.492187500000000000e+02
6.835937500000000000e+02
8.828125000000000000e+02
7.656250000000000000e+02
7.656250000000000000e+02
1.066406250000000000e+03
1.332031250000000000e+03
1.199218750000000000e+03
8.828125000000000000e+02
1.199218750000000000e+03
7.500000000000000000e+02
1.332031250000000000e+03
8.828125000000000000e+02
1.066406250000000000e+03
6.679687500000000000e+02
7.656250000000000000e+02
7.656250000000000000e+02
9.843750000000000000e+02
1.113281250000000000e+03
6.757812500000000000e+02
9.804687500000000000e+02
6.796875000000000000e+02
8.007812500000000000e+02
7.851562500000000000e+02
7.304687500000000000e+02
1.152343750000000000e+03
1.050781250000000000e+03
9.843750000000000000e+02
1.117187500000000000e+03
1.015625000000000000e+03
6.835937500000000000e+02
8.203125000000000000e+02
8.671875000000000000e+02
9.843750000000000000e+02
8.984375000000000000e+02
8.320312500000000000e+02
1.218750000000000000e+03
1.167968750000000000e+03
1.117187500000000000e+03
7.500000000000000000e+02
6.992187500000000000e+02
8.437500000000000000e+02
1.078125000000000000e+03
7.500000000000000000e+02
7.500000000000000000e+02
1.117187500000000000e+03
1.316406250000000000e+03
9.218750000000000000e+02
6.953125000000000000e+02
8.515625000000000000e+02
9.804687500000000000e+02
7.031250000000000000e+02
1.511718750000000000e+03
7.500000000000000000e+02
1.527343750000000000e+03
7.734375000000000000e+02
6.718750000000000000e+02
7.773437500000000000e+02
7.890625000000000000e+02
9.101562500000000000e+02
1.183593750000000000e+03
1.265625000000000000e+03
1.171875000000000000e+03
1.058593750000000000e+03
9.023437500000000000e+02
1.265625000000000000e+03
1.132812500000000000e+03
1.105468750000000000e+03
6.992187500000000000e+02
9.296875000000000000e+02
9.882812500000000000e+02
6.835937500000000000e+02
7.148437500000000000e+02
1.214843750000000000e+03
9.960937500000000000e+02
1.054687500000000000e+03
1.000000000000000000e+03
1.117187500000000000e+03
7.500000000000000000e+02
8.164062500000000000e+02
9.335937500000000000e+02
1.183593750000000000e+03
1.117187500000000000e+03
7.343750000000000000e+02
6.835937500000000000e+02
7.500000000000000000e+02
8.164062500000000000e+02
1.183593750000000000e+03
7.500000000000000000e+02
1.167968750000000000e+03
6.992187500000000000e+02
8.671875000000000000e+02
9.843750000000000000e+02
8.828125000000000000e+02
8.671875000000000000e+02
1.199218750000000000e+03
1.000000000000000000e+03
8.671875000000000000e+02
7.656250000000000000e+02
6.679687500000000000e+02
7.500000000000000000e+02
1.066406250000000000e+03
6.835937500000000000e+02
7.656250000000000000e+02
8.828125000000000000e+02
9.843750000000000000e+02
7.500000000000000000e+02
8.828125000000000000e+02
1.066406250000000000e+03
6.835937500000000000e+02
8.007812500000000000e+02
1.132812500000000000e+03
6.679687500000000000e+02
