1.229687500000000000e+04
8.320312500000000000e+02
7.460937500000000000e+02
1.085937500000000000e+03
9.296875000000000000e+02
6.835937500000000000e+02
6.679687500000000000e+02
1.117187500000000000e+03
9.843750000000000000e+02
1.261718750000000000e+03
7.070312500000000000e+02
7.070312500000000000e+02
6.835937500000000000e+02
6.796875000000000000e+02
6.992187500000000000e+02
6.835937500000000000e+02
6.835937500000000000e+02
1.351562500000000000e+03
6.796875000000000000e+02
7.031250000000000000e+02
6.953125000000000000e+02
7.070312500000000000e+02
6.796875000000000000e+02
6.992187500000000000e+02
6.992187500000000000e+02
1.316406250000000000e+03
8.164062500000000000e+02
1.117187500000000000e+03
1.320312500000000000e+03
7.109375000000000000e+02
7.304687500000000000e+02
7.343750000000000000e+02
7.031250000000000000e+02
6.992187500000000000e+02
6.796875000000000000e+02
1.363281250000000000e+03
6.718750000000000000e+02
6.796875000000000000e+02
1.312500000000000000e+03
6.835937500000000000e+02
6.875000000000000000e+02
6.953125000000000000e+02
6.875000000000000000e+02
6.992187500000000000e+02
7.148437500000000000e+02
6.953125000000000000e+02
6.875000000000000000e+02
6.718750000000000000e+02
6.679687500000000000e+02
6.679687500000000000e+02
6.914062500000000000e+02
6.914062500000000000e+02
6.953125000000000000e+02
6.875000000000000000e+02
1.324218750000000000e+03
1.320312500000000000e+03
1.027343750000000000e+03
9.062500000000000000e+02
6.953125000000000000e+02
7.851562500000000000e+02
8.515625000000000000e+02
8.632812500000000000e+02
8.554687500000000000e+02
8.710937500000000000e+02
8.632812500000000000e+02
8.281250000000000000e+02
8.007812500000000000e+02
7.773437500000000000e+02
7.148437500000000000e+02
7.187500000000000000e+02
7.031250000000000000e+02
7.148437500000000000e+02
6.953125000000000000e+02
6.992187500000000000e+02
6.796875000000000000e+02
6.757812500000000000e+02
1.082031250000000000e+03
9.531250000000000000e+02
1.316406250000000000e+03
1.320312500000000000e+03
1.351562500000000000e+03
1.332031250000000000e+03
6.679687500000000000e+02
7.031250000000000000e+02
7.031250000000000000e+02
7.382812500000000000e+02
7.539062500000000000e+02
7.539062500000000000e+02
7.851562500000000000e+02
7.656250000000000000e+02
7.109375000000000000e+02
6.992187500000000000e+02
6.835937500000000000e+02
6.914062500000000000e+02
6.914062500000000000e+02
6.796875000000000000e+02
6.953125000000000000e+02
6.953125000000000000e+02
7.773437500000000000e+02
1.007812500000000000e+03
9.531250000000000000e+02
6.757812500000000000e+02
6.796875000000000000e+02
1.328125000000000000e+03
1.312500000000000000e+03
9.179687500000000000e+02
1.035156250000000000e+03
6.718750000000000000e+02
1.000000000000000000e+03
1.320312500000000000e+03
1.003906250000000000e+03
1.269531250000000000e+03
6.835937500000000000e+02
8.281250000000000000e+02
9.882812500000000000e+02
1.500000000000000000e+03
1.785156250000000000e+03
7.460937500000000000e+02
7.187500000000000000e+02
1.113281250000000000e+03
1.035156250000000000e+03
1.351562500000000000e+03
6.679687500000000000e+02
6.914062500000000000e+02
8.320312500000000000e+02
1.140625000000000000e+03
1.042968750000000000e+03
8.007812500000000000e+02
7.695312500000000000e+02
8.125000000000000000e+02
6.992187500000000000e+02
6.992187500000000000e+02
1.238281250000000000e+03
7.265625000000000000e+02
6.992187500000000000e+02
6.914062500000000000e+02
7.070312500000000000e+02
6.718750000000000000e+02
6.796875000000000000e+02
6.992187500000000000e+02
