6.757812500000000000e+02
6.757812500000000000e+02
6.796875000000000000e+02
1.375000000000000000e+03
1.312500000000000000e+03
1.277343750000000000e+03
1.347656250000000000e+03
7.109375000000000000e+02
6.757812500000000000e+02
2.121093750000000000e+03
7.890625000000000000e+02
7.773437500000000000e+02
7.773437500000000000e+02
7.578125000000000000e+02
1.406250000000000000e+03
6.992187500000000000e+02
7.226562500000000000e+02
7.187500000000000000e+02
3.226562500000000000e+03
1.641406250000000000e+04
8.968750000000000000e+03
1.324218750000000000e+03
6.835937500000000000e+02
2.617187500000000000e+03
1.277343750000000000e+03
1.972656250000000000e+03
6.679687500000000000e+02
2.550781250000000000e+03
5.687500000000000000e+03
9.148437500000000000e+03
1.324218750000000000e+03
1.917968750000000000e+03
1.242187500000000000e+03
5.679687500000000000e+03
2.023437500000000000e+03
1.375000000000000000e+03
8.858203125000000000e+04
1.273437500000000000e+03
2.503906250000000000e+03
3.144531250000000000e+03
7.785156250000000000e+03
1.230468750000000000e+03
1.246093750000000000e+03
1.906250000000000000e+03
1.320312500000000000e+03
1.386718750000000000e+03
6.796875000000000000e+02
1.800390625000000000e+04
4.753906250000000000e+03
6.679687500000000000e+02
2.746093750000000000e+03
1.308593750000000000e+03
1.910156250000000000e+03
1.296875000000000000e+03
6.914062500000000000e+02
6.914062500000000000e+02
7.031250000000000000e+02
6.679687500000000000e+02
1.953125000000000000e+03
1.257812500000000000e+03
1.894531250000000000e+03
1.882812500000000000e+03
1.273437500000000000e+03
1.308593750000000000e+03
6.679687500000000000e+02
1.281250000000000000e+03
1.273437500000000000e+03
1.289062500000000000e+03
1.277343750000000000e+03
1.945312500000000000e+03
6.757812500000000000e+02
1.296875000000000000e+03
6.875000000000000000e+02
1.304687500000000000e+03
6.679687500000000000e+02
1.175000000000000000e+04
1.304687500000000000e+03
1.273437500000000000e+03
8.515625000000000000e+02
1.070312500000000000e+03
1.843750000000000000e+03
