7.148437500000000000e+02
1.027343750000000000e+03
1.234375000000000000e+03
1.035156250000000000e+03
1.316406250000000000e+03
1.082031250000000000e+03
8.632812500000000000e+02
1.296875000000000000e+03
1.703125000000000000e+03
1.261718750000000000e+03
1.664062500000000000e+03
1.601562500000000000e+03
8.085937500000000000e+02
1.011718750000000000e+03
7.773437500000000000e+02
6.757812500000000000e+02
6.835937500000000000e+02
1.332031250000000000e+03
6.835937500000000000e+02
1.382812500000000000e+03
9.335937500000000000e+02
9.179687500000000000e+02
8.359375000000000000e+02
1.246093750000000000e+03
8.515625000000000000e+02
9.804687500000000000e+02
1.167968750000000000e+03
9.101562500000000000e+02
1.191406250000000000e+03
8.593750000000000000e+02
1.082031250000000000e+03
7.734375000000000000e+02
9.023437500000000000e+02
1.246093750000000000e+03
1.066406250000000000e+03
1.015625000000000000e+03
1.152343750000000000e+03
1.273437500000000000e+03
8.750000000000000000e+02
1.433593750000000000e+03
9.687500000000000000e+02
9.960937500000000000e+02
1.273437500000000000e+03
7.109375000000000000e+02
1.421875000000000000e+03
7.773437500000000000e+02
9.648437500000000000e+02
8.515625000000000000e+02
1.125000000000000000e+03
9.492187500000000000e+02
7.734375000000000000e+02
2.367187500000000000e+03
2.171875000000000000e+03
1.453125000000000000e+03
4.699218750000000000e+03
3.398437500000000000e+03
1.050781250000000000e+03
3.746093750000000000e+03
4.199218750000000000e+03
2.414062500000000000e+03
3.183593750000000000e+03
3.699218750000000000e+03
8.828125000000000000e+02
2.199218750000000000e+03
2.101562500000000000e+03
8.164062500000000000e+02
7.500000000000000000e+02
6.992187500000000000e+02
6.835937500000000000e+02
2.015625000000000000e+03
7.343750000000000000e+02
1.000000000000000000e+03
6.679687500000000000e+02
1.050781250000000000e+03
1.500000000000000000e+03
1.123437500000000000e+04
8.828125000000000000e+02
1.367187500000000000e+03
9.335937500000000000e+02
1.996093750000000000e+04
6.414062500000000000e+03
6.832031250000000000e+03
6.835937500000000000e+02
2.519531250000000000e+03
2.199218750000000000e+03
2.070312500000000000e+03
9.453125000000000000e+02
7.500000000000000000e+02
1.175781250000000000e+03
7.578125000000000000e+02
1.289062500000000000e+03
9.453125000000000000e+02
1.285156250000000000e+03
7.812500000000000000e+02
1.636718750000000000e+03
6.992187500000000000e+02
1.414062500000000000e+03
7.031250000000000000e+02
9.492187500000000000e+02
7.187500000000000000e+02
6.679687500000000000e+02
9.843750000000000000e+02
7.695312500000000000e+02
1.187500000000000000e+03
7.109375000000000000e+02
7.500000000000000000e+02
9.804687500000000000e+02
9.882812500000000000e+02
6.679687500000000000e+02
1.464843750000000000e+03
1.097656250000000000e+03
1.183593750000000000e+03
9.687500000000000000e+02
1.304687500000000000e+03
7.148437500000000000e+02
6.835937500000000000e+02
7.812500000000000000e+02
6.992187500000000000e+02
6.718750000000000000e+02
1.683593750000000000e+03
1.636718750000000000e+03
3.046875000000000000e+03
9.570312500000000000e+02
6.992187500000000000e+02
7.734375000000000000e+02
9.335937500000000000e+02
8.046875000000000000e+02
1.066406250000000000e+03
8.984375000000000000e+02
8.046875000000000000e+02
8.984375000000000000e+02
6.835937500000000000e+02
1.335937500000000000e+03
9.765625000000000000e+02
2.785156250000000000e+03
1.050781250000000000e+03
9.843750000000000000e+02
8.007812500000000000e+02
8.984375000000000000e+02
1.250000000000000000e+03
3.000000000000000000e+03
2.722656250000000000e+03
2.312500000000000000e+03
1.101562500000000000e+03
2.417968750000000000e+03
6.851562500000000000e+03
1.023437500000000000e+03
1.296875000000000000e+03
8.789062500000000000e+02
9.882812500000000000e+02
7.656250000000000000e+02
7.500000000000000000e+02
8.671875000000000000e+02
1.250000000000000000e+03
8.984375000000000000e+02
9.492187500000000000e+02
8.359375000000000000e+02
8.007812500000000000e+02
7.851562500000000000e+02
8.281250000000000000e+02
1.039062500000000000e+03
9.453125000000000000e+02
1.039062500000000000e+03
1.281250000000000000e+03
8.007812500000000000e+02
6.875000000000000000e+02
8.398437500000000000e+02
1.109375000000000000e+03
1.105468750000000000e+03
7.539062500000000000e+02
8.164062500000000000e+02
1.250000000000000000e+03
1.746093750000000000e+03
8.789062500000000000e+02
1.546875000000000000e+03
3.507812500000000000e+03
7.812500000000000000e+02
7.500000000000000000e+02
1.769531250000000000e+03
1.359375000000000000e+03
1.019531250000000000e+03
1.089843750000000000e+03
1.003906250000000000e+03
1.425781250000000000e+03
9.453125000000000000e+02
1.750000000000000000e+03
8.750000000000000000e+02
1.167968750000000000e+03
1.324218750000000000e+03
3.769531250000000000e+03
4.230468750000000000e+03
2.898437500000000000e+03
