1.582031250000000000e+03
1.250000000000000000e+03
2.492187500000000000e+03
1.285156250000000000e+03
6.718750000000000000e+02
6.835937500000000000e+02
7.109375000000000000e+02
7.539062500000000000e+02
7.617187500000000000e+02
7.578125000000000000e+02
7.187500000000000000e+02
9.687500000000000000e+02
1.093750000000000000e+03
1.171875000000000000e+03
1.578125000000000000e+03
9.843750000000000000e+02
8.593750000000000000e+02
9.375000000000000000e+02
6.875000000000000000e+02
7.343750000000000000e+02
7.031250000000000000e+02
6.757812500000000000e+02
1.292968750000000000e+03
1.148437500000000000e+03
7.382812500000000000e+02
1.183593750000000000e+03
1.796875000000000000e+03
1.382812500000000000e+03
1.097656250000000000e+03
1.367187500000000000e+03
7.578125000000000000e+02
7.460937500000000000e+02
7.031250000000000000e+02
7.031250000000000000e+02
7.148437500000000000e+02
6.679687500000000000e+02
1.308593750000000000e+03
6.757812500000000000e+02
1.300781250000000000e+03
6.796875000000000000e+02
7.070312500000000000e+02
6.992187500000000000e+02
6.718750000000000000e+02
6.875000000000000000e+02
6.718750000000000000e+02
6.757812500000000000e+02
1.328125000000000000e+03
6.679687500000000000e+02
1.117187500000000000e+03
1.050781250000000000e+03
2.324218750000000000e+03
3.027343750000000000e+03
8.359375000000000000e+02
1.312500000000000000e+03
9.023437500000000000e+02
7.500000000000000000e+02
7.265625000000000000e+02
7.031250000000000000e+02
6.757812500000000000e+02
1.339843750000000000e+03
1.312500000000000000e+03
1.296875000000000000e+03
1.578125000000000000e+03
9.843750000000000000e+02
1.300781250000000000e+03
1.312500000000000000e+03
1.847656250000000000e+03
8.906250000000000000e+02
6.875000000000000000e+02
9.257812500000000000e+02
1.179687500000000000e+03
7.265625000000000000e+02
1.035156250000000000e+03
9.257812500000000000e+02
1.007812500000000000e+03
7.226562500000000000e+02
1.457031250000000000e+03
1.128906250000000000e+03
9.101562500000000000e+02
1.218750000000000000e+03
7.070312500000000000e+02
8.007812500000000000e+02
6.718750000000000000e+02
1.328125000000000000e+03
6.914062500000000000e+02
7.031250000000000000e+02
1.050781250000000000e+03
6.679687500000000000e+02
1.210937500000000000e+03
1.113281250000000000e+03
6.835937500000000000e+02
6.875000000000000000e+02
6.796875000000000000e+02
6.875000000000000000e+02
7.226562500000000000e+02
8.476562500000000000e+02
8.164062500000000000e+02
7.148437500000000000e+02
9.375000000000000000e+02
1.375000000000000000e+03
7.070312500000000000e+02
8.125000000000000000e+02
6.914062500000000000e+02
1.308593750000000000e+03
6.796875000000000000e+02
6.875000000000000000e+02
1.203125000000000000e+03
1.000000000000000000e+03
8.906250000000000000e+02
1.222656250000000000e+03
7.382812500000000000e+02
1.113281250000000000e+03
9.335937500000000000e+02
9.062500000000000000e+02
1.066406250000000000e+03
8.007812500000000000e+02
1.035156250000000000e+03
1.210937500000000000e+03
6.992187500000000000e+02
6.679687500000000000e+02
6.796875000000000000e+02
8.750000000000000000e+02
1.199218750000000000e+03
6.757812500000000000e+02
7.031250000000000000e+02
6.718750000000000000e+02
6.718750000000000000e+02
7.929687500000000000e+02
7.187500000000000000e+02
7.617187500000000000e+02
1.179687500000000000e+03
6.757812500000000000e+02
6.718750000000000000e+02
7.968750000000000000e+02
7.187500000000000000e+02
6.875000000000000000e+02
1.261718750000000000e+03
7.812500000000000000e+02
6.835937500000000000e+02
6.875000000000000000e+02
1.308593750000000000e+03
8.359375000000000000e+02
7.070312500000000000e+02
7.070312500000000000e+02
6.914062500000000000e+02
1.230468750000000000e+03
7.109375000000000000e+02
1.355468750000000000e+03
9.023437500000000000e+02
9.335937500000000000e+02
1.093750000000000000e+03
8.750000000000000000e+02
1.296875000000000000e+03
6.875000000000000000e+02
6.679687500000000000e+02
1.066406250000000000e+03
8.906250000000000000e+02
1.406250000000000000e+03
1.097656250000000000e+03
7.187500000000000000e+02
6.835937500000000000e+02
1.128906250000000000e+03
9.609375000000000000e+02
8.007812500000000000e+02
8.281250000000000000e+02
8.554687500000000000e+02
9.296875000000000000e+02
9.453125000000000000e+02
8.281250000000000000e+02
1.441406250000000000e+03
7.460937500000000000e+02
1.496093750000000000e+03
1.307812500000000000e+04
7.382812500000000000e+02
1.074218750000000000e+03
7.226562500000000000e+02
1.480468750000000000e+03
1.023437500000000000e+03
1.019531250000000000e+03
7.500000000000000000e+02
1.878906250000000000e+03
8.085937500000000000e+02
1.769531250000000000e+03
3.050781250000000000e+03
1.226562500000000000e+03
9.101562500000000000e+02
9.921875000000000000e+02
1.105468750000000000e+03
6.757812500000000000e+02
6.718750000000000000e+02
1.070312500000000000e+03
7.617187500000000000e+02
1.335937500000000000e+03
7.734375000000000000e+02
5.222656250000000000e+03
7.148437500000000000e+02
9.453125000000000000e+02
6.835937500000000000e+02
8.242187500000000000e+02
1.250000000000000000e+03
6.718750000000000000e+02
6.796875000000000000e+02
1.210937500000000000e+03
1.019531250000000000e+03
1.312500000000000000e+03
9.453125000000000000e+02
7.343750000000000000e+02
8.632812500000000000e+02
1.125000000000000000e+03
1.167968750000000000e+03
8.359375000000000000e+02
9.804687500000000000e+02
8.242187500000000000e+02
7.109375000000000000e+02
6.679687500000000000e+02
1.324218750000000000e+03
7.070312500000000000e+02
7.617187500000000000e+02
7.656250000000000000e+02
8.281250000000000000e+02
1.382812500000000000e+03
9.648437500000000000e+02
7.187500000000000000e+02
7.578125000000000000e+02
1.371093750000000000e+03
6.914062500000000000e+02
1.222656250000000000e+03
1.222656250000000000e+03
1.179687500000000000e+03
6.914062500000000000e+02
8.554687500000000000e+02
8.632812500000000000e+02
1.335937500000000000e+03
1.421875000000000000e+03
1.019531250000000000e+03
9.648437500000000000e+02
9.687500000000000000e+02
8.632812500000000000e+02
9.726562500000000000e+02
8.515625000000000000e+02
1.265625000000000000e+03
1.027343750000000000e+03
6.953125000000000000e+02
1.117187500000000000e+03
1.335937500000000000e+03
8.046875000000000000e+02
1.003906250000000000e+03
7.226562500000000000e+02
7.070312500000000000e+02
9.257812500000000000e+02
1.160156250000000000e+03
1.054687500000000000e+03
7.187500000000000000e+02
1.027343750000000000e+03
9.921875000000000000e+02
1.152343750000000000e+03
9.882812500000000000e+02
1.367187500000000000e+03
1.199218750000000000e+03
1.332031250000000000e+03
9.062500000000000000e+02
8.007812500000000000e+02
6.796875000000000000e+02
1.144531250000000000e+03
4.582031250000000000e+03
1.457031250000000000e+03
1.101562500000000000e+03
6.796875000000000000e+02
7.265625000000000000e+02
7.500000000000000000e+02
1.195312500000000000e+03
1.093750000000000000e+03
6.718750000000000000e+02
1.414062500000000000e+03
8.828125000000000000e+02
8.398437500000000000e+02
1.187500000000000000e+03
7.226562500000000000e+02
9.179687500000000000e+02
7.421875000000000000e+02
7.734375000000000000e+02
6.679687500000000000e+02
9.921875000000000000e+02
6.796875000000000000e+02
6.835937500000000000e+02
6.718750000000000000e+02
6.835937500000000000e+02
1.328125000000000000e+03
6.718750000000000000e+02
1.308593750000000000e+03
1.316406250000000000e+03
7.812500000000000000e+02
1.109375000000000000e+03
6.679687500000000000e+02
1.308593750000000000e+03
1.359375000000000000e+03
6.992187500000000000e+02
8.789062500000000000e+02
2.089843750000000000e+03
1.171875000000000000e+03
8.671875000000000000e+02
1.312500000000000000e+03
1.343750000000000000e+03
7.226562500000000000e+02
2.402343750000000000e+03
6.679687500000000000e+02
6.679687500000000000e+02
1.273437500000000000e+03
6.914062500000000000e+02
1.339843750000000000e+03
6.757812500000000000e+02
1.281250000000000000e+03
1.050781250000000000e+03
