6.835937500000000000e+02
6.835937500000000000e+02
7.226562500000000000e+02
7.265625000000000000e+02
7.578125000000000000e+02
7.148437500000000000e+02
1.339843750000000000e+03
6.835937500000000000e+02
6.875000000000000000e+02
6.992187500000000000e+02
6.835937500000000000e+02
6.992187500000000000e+02
7.226562500000000000e+02
7.382812500000000000e+02
6.718750000000000000e+02
6.914062500000000000e+02
7.304687500000000000e+02
7.031250000000000000e+02
7.109375000000000000e+02
6.835937500000000000e+02
7.187500000000000000e+02
7.187500000000000000e+02
6.875000000000000000e+02
7.070312500000000000e+02
7.187500000000000000e+02
7.226562500000000000e+02
6.992187500000000000e+02
7.109375000000000000e+02
6.875000000000000000e+02
2.617187500000000000e+03
1.289062500000000000e+03
2.449218750000000000e+03
1.218750000000000000e+03
1.296875000000000000e+03
3.230468750000000000e+03
1.316406250000000000e+03
1.250000000000000000e+03
1.023437500000000000e+04
7.070312500000000000e+02
6.718750000000000000e+02
6.992187500000000000e+02
6.796875000000000000e+02
1.328125000000000000e+03
6.679687500000000000e+02
6.796875000000000000e+02
1.347656250000000000e+03
1.367187500000000000e+03
2.101562500000000000e+03
6.835937500000000000e+02
7.031250000000000000e+02
1.347656250000000000e+03
1.320312500000000000e+03
7.070312500000000000e+02
2.128906250000000000e+03
6.835937500000000000e+02
1.367187500000000000e+03
6.757812500000000000e+02
7.109375000000000000e+02
6.835937500000000000e+02
7.031250000000000000e+02
6.992187500000000000e+02
6.992187500000000000e+02
7.031250000000000000e+02
6.718750000000000000e+02
1.308593750000000000e+03
5.750000000000000000e+03
6.875000000000000000e+02
1.324218750000000000e+03
2.816406250000000000e+03
2.695312500000000000e+03
1.316406250000000000e+03
1.281250000000000000e+03
3.484375000000000000e+03
4.097656250000000000e+03
1.300781250000000000e+03
1.910156250000000000e+03
1.992187500000000000e+03
1.308593750000000000e+03
7.605468750000000000e+03
1.890625000000000000e+03
1.261718750000000000e+03
6.718750000000000000e+02
1.289062500000000000e+03
1.292968750000000000e+03
1.257812500000000000e+03
1.875000000000000000e+03
1.273437500000000000e+03
1.929687500000000000e+03
1.304687500000000000e+03
1.980468750000000000e+03
6.718750000000000000e+02
7.265625000000000000e+02
7.265625000000000000e+02
6.835937500000000000e+02
6.992187500000000000e+02
6.757812500000000000e+02
6.875000000000000000e+02
6.718750000000000000e+02
1.371093750000000000e+03
6.953125000000000000e+02
1.929687500000000000e+03
6.718750000000000000e+02
6.914062500000000000e+02
6.679687500000000000e+02
7.070312500000000000e+02
6.992187500000000000e+02
7.226562500000000000e+02
7.304687500000000000e+02
6.835937500000000000e+02
2.011718750000000000e+03
6.679687500000000000e+02
6.718750000000000000e+02
1.332031250000000000e+03
6.835937500000000000e+02
7.343750000000000000e+02
7.187500000000000000e+02
7.226562500000000000e+02
2.074218750000000000e+03
1.304687500000000000e+03
1.867187500000000000e+03
1.914062500000000000e+03
1.902343750000000000e+03
1.277343750000000000e+03
1.289062500000000000e+03
2.605468750000000000e+03
2.441406250000000000e+03
1.152343750000000000e+03
1.183593750000000000e+03
1.191406250000000000e+03
1.253906250000000000e+03
4.925781250000000000e+03
6.679687500000000000e+02
1.343750000000000000e+03
1.300781250000000000e+03
1.390625000000000000e+03
6.796875000000000000e+02
1.339843750000000000e+03
6.914062500000000000e+02
6.992187500000000000e+02
6.796875000000000000e+02
1.289062500000000000e+03
1.316406250000000000e+03
1.949218750000000000e+03
1.941406250000000000e+03
6.796875000000000000e+02
1.324218750000000000e+03
6.718750000000000000e+02
6.679687500000000000e+02
2.296875000000000000e+03
2.980468750000000000e+03
7.148437500000000000e+02
4.320312500000000000e+03
1.617187500000000000e+03
1.324218750000000000e+03
6.718750000000000000e+02
1.332031250000000000e+03
6.757812500000000000e+02
6.679687500000000000e+02
7.695312500000000000e+02
1.156250000000000000e+03
1.238281250000000000e+03
1.253906250000000000e+03
6.679687500000000000e+02
1.878906250000000000e+03
1.894531250000000000e+03
1.285156250000000000e+03
1.269531250000000000e+03
1.292968750000000000e+03
1.246093750000000000e+03
1.925781250000000000e+03
1.312500000000000000e+03
1.292968750000000000e+03
2.652343750000000000e+03
9.414062500000000000e+02
9.921875000000000000e+02
1.253906250000000000e+03
1.238281250000000000e+03
