2.531250000000000000e+03
7.226562500000000000e+03
1.671875000000000000e+03
1.097656250000000000e+03
1.609375000000000000e+03
1.343750000000000000e+03
6.718750000000000000e+02
6.718750000000000000e+02
1.308593750000000000e+03
2.785156250000000000e+03
7.656250000000000000e+02
7.695312500000000000e+02
7.890625000000000000e+02
7.929687500000000000e+02
8.281250000000000000e+02
8.437500000000000000e+02
8.203125000000000000e+02
8.242187500000000000e+02
8.437500000000000000e+02
8.046875000000000000e+02
7.968750000000000000e+02
7.851562500000000000e+02
9.375000000000000000e+02
7.343750000000000000e+02
2.152343750000000000e+03
7.421875000000000000e+02
1.441406250000000000e+03
1.417968750000000000e+03
1.402343750000000000e+03
7.031250000000000000e+02
7.109375000000000000e+02
7.187500000000000000e+02
7.031250000000000000e+02
7.187500000000000000e+02
6.953125000000000000e+02
6.992187500000000000e+02
7.070312500000000000e+02
1.398437500000000000e+03
6.953125000000000000e+02
6.992187500000000000e+02
6.992187500000000000e+02
7.070312500000000000e+02
7.187500000000000000e+02
7.109375000000000000e+02
7.187500000000000000e+02
7.148437500000000000e+02
7.421875000000000000e+02
1.183593750000000000e+03
1.011718750000000000e+03
9.648437500000000000e+02
1.320312500000000000e+03
7.031250000000000000e+02
7.617187500000000000e+02
7.734375000000000000e+02
7.382812500000000000e+02
7.695312500000000000e+02
1.375000000000000000e+03
8.945312500000000000e+02
7.421875000000000000e+02
7.539062500000000000e+02
7.539062500000000000e+02
7.578125000000000000e+02
7.265625000000000000e+02
7.187500000000000000e+02
7.109375000000000000e+02
6.757812500000000000e+02
6.953125000000000000e+02
6.718750000000000000e+02
6.875000000000000000e+02
6.718750000000000000e+02
6.992187500000000000e+02
6.875000000000000000e+02
7.070312500000000000e+02
7.031250000000000000e+02
7.304687500000000000e+02
7.421875000000000000e+02
7.617187500000000000e+02
7.734375000000000000e+02
7.734375000000000000e+02
8.125000000000000000e+02
8.281250000000000000e+02
8.046875000000000000e+02
8.203125000000000000e+02
8.242187500000000000e+02
8.085937500000000000e+02
7.890625000000000000e+02
7.773437500000000000e+02
7.500000000000000000e+02
7.617187500000000000e+02
7.304687500000000000e+02
7.460937500000000000e+02
7.539062500000000000e+02
7.695312500000000000e+02
7.851562500000000000e+02
8.085937500000000000e+02
8.007812500000000000e+02
8.203125000000000000e+02
8.281250000000000000e+02
8.242187500000000000e+02
8.476562500000000000e+02
8.476562500000000000e+02
8.125000000000000000e+02
8.203125000000000000e+02
1.082031250000000000e+03
9.687500000000000000e+02
1.203125000000000000e+03
8.085937500000000000e+02
7.851562500000000000e+02
8.203125000000000000e+02
8.203125000000000000e+02
8.125000000000000000e+02
8.437500000000000000e+02
9.843750000000000000e+02
7.226562500000000000e+02
8.632812500000000000e+02
8.671875000000000000e+02
8.515625000000000000e+02
8.437500000000000000e+02
8.476562500000000000e+02
8.593750000000000000e+02
8.359375000000000000e+02
8.437500000000000000e+02
8.359375000000000000e+02
7.890625000000000000e+02
8.281250000000000000e+02
8.242187500000000000e+02
8.554687500000000000e+02
6.875000000000000000e+02
1.035156250000000000e+03
1.394531250000000000e+03
1.238281250000000000e+03
8.281250000000000000e+02
7.109375000000000000e+02
9.453125000000000000e+02
1.046875000000000000e+03
1.398437500000000000e+03
7.578125000000000000e+02
7.617187500000000000e+02
7.460937500000000000e+02
7.421875000000000000e+02
7.578125000000000000e+02
7.617187500000000000e+02
7.656250000000000000e+02
7.773437500000000000e+02
7.773437500000000000e+02
7.734375000000000000e+02
7.929687500000000000e+02
8.085937500000000000e+02
8.359375000000000000e+02
8.515625000000000000e+02
8.437500000000000000e+02
6.992187500000000000e+02
9.335937500000000000e+02
7.695312500000000000e+02
7.539062500000000000e+02
7.226562500000000000e+02
7.382812500000000000e+02
7.656250000000000000e+02
7.851562500000000000e+02
8.320312500000000000e+02
8.906250000000000000e+02
8.671875000000000000e+02
9.179687500000000000e+02
9.257812500000000000e+02
9.453125000000000000e+02
9.375000000000000000e+02
8.945312500000000000e+02
1.031250000000000000e+03
8.203125000000000000e+02
8.828125000000000000e+02
8.867187500000000000e+02
9.023437500000000000e+02
8.984375000000000000e+02
9.023437500000000000e+02
8.906250000000000000e+02
8.632812500000000000e+02
9.062500000000000000e+02
9.062500000000000000e+02
8.828125000000000000e+02
9.062500000000000000e+02
8.359375000000000000e+02
8.632812500000000000e+02
8.867187500000000000e+02
8.906250000000000000e+02
8.671875000000000000e+02
9.257812500000000000e+02
9.375000000000000000e+02
9.062500000000000000e+02
9.023437500000000000e+02
9.101562500000000000e+02
8.750000000000000000e+02
8.750000000000000000e+02
9.101562500000000000e+02
9.062500000000000000e+02
8.828125000000000000e+02
8.750000000000000000e+02
8.750000000000000000e+02
9.023437500000000000e+02
8.710937500000000000e+02
8.437500000000000000e+02
8.789062500000000000e+02
9.218750000000000000e+02
9.101562500000000000e+02
8.828125000000000000e+02
9.023437500000000000e+02
9.101562500000000000e+02
8.710937500000000000e+02
8.906250000000000000e+02
9.140625000000000000e+02
8.984375000000000000e+02
8.984375000000000000e+02
9.296875000000000000e+02
9.609375000000000000e+02
9.609375000000000000e+02
9.960937500000000000e+02
1.007812500000000000e+03
9.531250000000000000e+02
9.765625000000000000e+02
9.531250000000000000e+02
9.414062500000000000e+02
9.609375000000000000e+02
9.648437500000000000e+02
9.921875000000000000e+02
9.921875000000000000e+02
9.375000000000000000e+02
9.375000000000000000e+02
9.335937500000000000e+02
9.062500000000000000e+02
9.101562500000000000e+02
8.945312500000000000e+02
9.101562500000000000e+02
8.945312500000000000e+02
9.140625000000000000e+02
8.710937500000000000e+02
8.867187500000000000e+02
8.437500000000000000e+02
1.074218750000000000e+03
1.117187500000000000e+03
1.105468750000000000e+03
7.773437500000000000e+02
7.851562500000000000e+02
7.656250000000000000e+02
7.500000000000000000e+02
7.304687500000000000e+02
7.265625000000000000e+02
7.226562500000000000e+02
7.148437500000000000e+02
6.992187500000000000e+02
7.148437500000000000e+02
7.148437500000000000e+02
7.187500000000000000e+02
7.460937500000000000e+02
7.812500000000000000e+02
8.398437500000000000e+02
8.554687500000000000e+02
8.789062500000000000e+02
8.671875000000000000e+02
8.828125000000000000e+02
8.515625000000000000e+02
8.554687500000000000e+02
8.242187500000000000e+02
8.320312500000000000e+02
8.164062500000000000e+02
8.242187500000000000e+02
8.125000000000000000e+02
8.398437500000000000e+02
8.007812500000000000e+02
8.437500000000000000e+02
7.382812500000000000e+02
9.218750000000000000e+02
8.359375000000000000e+02
8.320312500000000000e+02
8.046875000000000000e+02
8.007812500000000000e+02
7.968750000000000000e+02
7.695312500000000000e+02
7.929687500000000000e+02
1.191406250000000000e+03
1.109375000000000000e+03
7.656250000000000000e+02
7.343750000000000000e+02
7.226562500000000000e+02
7.226562500000000000e+02
7.460937500000000000e+02
7.851562500000000000e+02
7.890625000000000000e+02
7.773437500000000000e+02
8.203125000000000000e+02
8.593750000000000000e+02
8.671875000000000000e+02
8.632812500000000000e+02
8.437500000000000000e+02
8.359375000000000000e+02
8.125000000000000000e+02
8.710937500000000000e+02
9.023437500000000000e+02
8.984375000000000000e+02
9.335937500000000000e+02
9.453125000000000000e+02
9.648437500000000000e+02
9.062500000000000000e+02
9.296875000000000000e+02
9.257812500000000000e+02
8.789062500000000000e+02
9.257812500000000000e+02
9.335937500000000000e+02
8.906250000000000000e+02
9.570312500000000000e+02
9.296875000000000000e+02
9.257812500000000000e+02
9.375000000000000000e+02
9.218750000000000000e+02
9.140625000000000000e+02
9.375000000000000000e+02
9.140625000000000000e+02
9.335937500000000000e+02
9.531250000000000000e+02
9.257812500000000000e+02
9.492187500000000000e+02
9.687500000000000000e+02
9.453125000000000000e+02
9.921875000000000000e+02
1.003906250000000000e+03
9.609375000000000000e+02
9.687500000000000000e+02
9.648437500000000000e+02
9.375000000000000000e+02
9.843750000000000000e+02
1.000000000000000000e+03
9.765625000000000000e+02
9.726562500000000000e+02
1.000000000000000000e+03
9.609375000000000000e+02
9.765625000000000000e+02
9.960937500000000000e+02
9.531250000000000000e+02
8.906250000000000000e+02
8.789062500000000000e+02
8.710937500000000000e+02
1.714843750000000000e+03
8.359375000000000000e+02
8.164062500000000000e+02
8.164062500000000000e+02
8.046875000000000000e+02
7.968750000000000000e+02
7.851562500000000000e+02
1.546875000000000000e+03
7.773437500000000000e+02
7.578125000000000000e+02
7.812500000000000000e+02
7.851562500000000000e+02
7.929687500000000000e+02
1.617187500000000000e+03
8.359375000000000000e+02
8.164062500000000000e+02
8.359375000000000000e+02
