6.796875000000000000e+02
1.703125000000000000e+03
8.867187500000000000e+02
7.343750000000000000e+02
6.992187500000000000e+02
1.117187500000000000e+03
9.648437500000000000e+02
6.679687500000000000e+02
8.046875000000000000e+02
9.960937500000000000e+02
1.183593750000000000e+03
1.058593750000000000e+03
1.109375000000000000e+03
6.796875000000000000e+02
6.718750000000000000e+02
6.953125000000000000e+02
7.343750000000000000e+02
7.382812500000000000e+02
7.148437500000000000e+02
7.656250000000000000e+02
7.851562500000000000e+02
7.968750000000000000e+02
6.835937500000000000e+02
8.867187500000000000e+02
9.140625000000000000e+02
1.269531250000000000e+03
9.648437500000000000e+02
1.117187500000000000e+03
6.992187500000000000e+02
6.992187500000000000e+02
6.835937500000000000e+02
7.070312500000000000e+02
7.187500000000000000e+02
7.421875000000000000e+02
7.539062500000000000e+02
7.656250000000000000e+02
7.500000000000000000e+02
7.695312500000000000e+02
7.460937500000000000e+02
7.187500000000000000e+02
1.203125000000000000e+03
1.132812500000000000e+03
7.968750000000000000e+02
6.875000000000000000e+02
7.304687500000000000e+02
1.281250000000000000e+03
9.296875000000000000e+02
1.097656250000000000e+03
1.105468750000000000e+03
9.414062500000000000e+02
7.031250000000000000e+02
9.335937500000000000e+02
1.378906250000000000e+03
7.812500000000000000e+02
7.695312500000000000e+02
7.773437500000000000e+02
7.578125000000000000e+02
1.148437500000000000e+03
1.175781250000000000e+03
8.476562500000000000e+02
8.476562500000000000e+02
1.300781250000000000e+03
6.914062500000000000e+02
1.394531250000000000e+03
7.968750000000000000e+02
7.851562500000000000e+02
8.007812500000000000e+02
7.812500000000000000e+02
8.007812500000000000e+02
8.046875000000000000e+02
8.476562500000000000e+02
7.968750000000000000e+02
8.203125000000000000e+02
6.835937500000000000e+02
8.867187500000000000e+02
8.554687500000000000e+02
6.679687500000000000e+02
7.734375000000000000e+02
7.812500000000000000e+02
7.695312500000000000e+02
7.968750000000000000e+02
7.851562500000000000e+02
8.007812500000000000e+02
8.164062500000000000e+02
7.656250000000000000e+02
7.500000000000000000e+02
7.695312500000000000e+02
8.046875000000000000e+02
8.789062500000000000e+02
8.359375000000000000e+02
8.828125000000000000e+02
8.359375000000000000e+02
7.851562500000000000e+02
7.929687500000000000e+02
7.695312500000000000e+02
7.500000000000000000e+02
7.578125000000000000e+02
7.812500000000000000e+02
8.476562500000000000e+02
8.203125000000000000e+02
8.984375000000000000e+02
8.164062500000000000e+02
8.515625000000000000e+02
8.007812500000000000e+02
8.007812500000000000e+02
8.007812500000000000e+02
8.164062500000000000e+02
7.851562500000000000e+02
8.007812500000000000e+02
8.007812500000000000e+02
7.812500000000000000e+02
8.007812500000000000e+02
8.046875000000000000e+02
8.359375000000000000e+02
8.281250000000000000e+02
8.359375000000000000e+02
8.164062500000000000e+02
7.890625000000000000e+02
7.656250000000000000e+02
7.617187500000000000e+02
7.500000000000000000e+02
7.539062500000000000e+02
7.656250000000000000e+02
7.500000000000000000e+02
7.695312500000000000e+02
7.773437500000000000e+02
8.203125000000000000e+02
8.164062500000000000e+02
8.320312500000000000e+02
8.203125000000000000e+02
8.789062500000000000e+02
8.164062500000000000e+02
8.320312500000000000e+02
8.203125000000000000e+02
8.164062500000000000e+02
7.968750000000000000e+02
9.687500000000000000e+02
6.679687500000000000e+02
9.335937500000000000e+02
8.828125000000000000e+02
1.148437500000000000e+03
8.007812500000000000e+02
8.359375000000000000e+02
8.007812500000000000e+02
8.867187500000000000e+02
7.656250000000000000e+02
7.851562500000000000e+02
7.812500000000000000e+02
7.617187500000000000e+02
7.695312500000000000e+02
7.734375000000000000e+02
7.617187500000000000e+02
7.187500000000000000e+02
7.187500000000000000e+02
7.656250000000000000e+02
7.304687500000000000e+02
7.500000000000000000e+02
1.316406250000000000e+03
8.203125000000000000e+02
1.148437500000000000e+03
7.539062500000000000e+02
1.179687500000000000e+03
6.679687500000000000e+02
7.656250000000000000e+02
6.835937500000000000e+02
6.835937500000000000e+02
6.718750000000000000e+02
1.566406250000000000e+03
7.304687500000000000e+02
1.164062500000000000e+03
8.359375000000000000e+02
1.011718750000000000e+03
1.152343750000000000e+03
7.617187500000000000e+02
8.164062500000000000e+02
8.515625000000000000e+02
8.125000000000000000e+02
8.398437500000000000e+02
1.347656250000000000e+03
1.039062500000000000e+03
8.437500000000000000e+02
1.015625000000000000e+03
7.656250000000000000e+02
6.718750000000000000e+02
9.609375000000000000e+02
1.394531250000000000e+03
1.121093750000000000e+03
2.226562500000000000e+03
7.304687500000000000e+02
8.320312500000000000e+02
1.750000000000000000e+03
8.320312500000000000e+02
8.789062500000000000e+02
2.156250000000000000e+03
1.109375000000000000e+03
1.050781250000000000e+03
1.113281250000000000e+03
1.156250000000000000e+03
1.105468750000000000e+03
7.304687500000000000e+02
7.460937500000000000e+02
7.734375000000000000e+02
7.773437500000000000e+02
7.929687500000000000e+02
7.968750000000000000e+02
7.812500000000000000e+02
7.695312500000000000e+02
7.929687500000000000e+02
7.773437500000000000e+02
7.812500000000000000e+02
7.851562500000000000e+02
7.812500000000000000e+02
7.929687500000000000e+02
7.734375000000000000e+02
7.812500000000000000e+02
8.007812500000000000e+02
8.125000000000000000e+02
7.812500000000000000e+02
7.851562500000000000e+02
7.734375000000000000e+02
7.851562500000000000e+02
7.539062500000000000e+02
7.968750000000000000e+02
7.773437500000000000e+02
7.578125000000000000e+02
7.734375000000000000e+02
7.773437500000000000e+02
1.531250000000000000e+03
7.812500000000000000e+02
8.007812500000000000e+02
7.890625000000000000e+02
7.656250000000000000e+02
7.968750000000000000e+02
8.125000000000000000e+02
7.773437500000000000e+02
7.773437500000000000e+02
7.968750000000000000e+02
8.046875000000000000e+02
7.812500000000000000e+02
7.968750000000000000e+02
8.046875000000000000e+02
7.851562500000000000e+02
7.773437500000000000e+02
8.046875000000000000e+02
8.164062500000000000e+02
7.773437500000000000e+02
8.085937500000000000e+02
8.007812500000000000e+02
8.046875000000000000e+02
7.929687500000000000e+02
7.890625000000000000e+02
8.125000000000000000e+02
7.734375000000000000e+02
7.890625000000000000e+02
8.085937500000000000e+02
8.164062500000000000e+02
7.968750000000000000e+02
8.007812500000000000e+02
8.203125000000000000e+02
7.968750000000000000e+02
7.812500000000000000e+02
7.890625000000000000e+02
7.656250000000000000e+02
7.460937500000000000e+02
1.429687500000000000e+03
7.187500000000000000e+02
1.453125000000000000e+03
7.500000000000000000e+02
7.695312500000000000e+02
7.773437500000000000e+02
7.695312500000000000e+02
7.812500000000000000e+02
7.890625000000000000e+02
7.617187500000000000e+02
7.578125000000000000e+02
7.773437500000000000e+02
7.968750000000000000e+02
7.617187500000000000e+02
8.046875000000000000e+02
8.398437500000000000e+02
7.265625000000000000e+02
1.179687500000000000e+03
1.117187500000000000e+03
7.148437500000000000e+02
7.539062500000000000e+02
9.960937500000000000e+02
6.835937500000000000e+02
1.230468750000000000e+03
8.867187500000000000e+02
9.492187500000000000e+02
9.531250000000000000e+02
1.277343750000000000e+03
7.734375000000000000e+02
6.679687500000000000e+02
8.476562500000000000e+02
7.148437500000000000e+02
1.250000000000000000e+03
6.679687500000000000e+02
7.421875000000000000e+02
9.257812500000000000e+02
6.953125000000000000e+02
8.320312500000000000e+02
1.234375000000000000e+03
7.148437500000000000e+02
