6.953125000000000000e+02
7.773437500000000000e+02
7.148437500000000000e+02
7.890625000000000000e+02
1.031250000000000000e+03
1.164062500000000000e+03
8.085937500000000000e+02
9.960937500000000000e+02
1.039062500000000000e+03
6.875000000000000000e+02
6.679687500000000000e+02
7.421875000000000000e+02
6.875000000000000000e+02
1.222656250000000000e+03
8.398437500000000000e+02
1.281250000000000000e+03
9.023437500000000000e+02
1.324218750000000000e+03
8.710937500000000000e+02
7.304687500000000000e+02
6.757812500000000000e+02
8.359375000000000000e+02
1.042968750000000000e+03
8.789062500000000000e+02
1.542968750000000000e+03
1.000000000000000000e+03
9.414062500000000000e+02
1.312500000000000000e+03
9.140625000000000000e+02
1.445312500000000000e+03
9.062500000000000000e+02
6.875000000000000000e+02
6.679687500000000000e+02
6.757812500000000000e+02
7.070312500000000000e+02
1.351562500000000000e+03
7.031250000000000000e+02
7.070312500000000000e+02
6.992187500000000000e+02
6.992187500000000000e+02
7.070312500000000000e+02
7.226562500000000000e+02
6.875000000000000000e+02
9.648437500000000000e+02
8.046875000000000000e+02
1.187500000000000000e+03
7.500000000000000000e+02
1.019531250000000000e+03
6.796875000000000000e+02
6.679687500000000000e+02
6.757812500000000000e+02
6.835937500000000000e+02
6.679687500000000000e+02
1.339843750000000000e+03
1.031250000000000000e+03
8.398437500000000000e+02
1.136718750000000000e+03
1.324218750000000000e+03
1.367187500000000000e+03
1.011718750000000000e+03
9.375000000000000000e+02
1.222656250000000000e+03
1.015625000000000000e+03
8.984375000000000000e+02
1.316406250000000000e+03
6.679687500000000000e+02
6.875000000000000000e+02
7.109375000000000000e+02
7.148437500000000000e+02
7.578125000000000000e+02
7.460937500000000000e+02
1.351562500000000000e+03
1.316406250000000000e+03
9.335937500000000000e+02
1.308593750000000000e+03
1.214843750000000000e+03
1.054687500000000000e+03
8.242187500000000000e+02
1.085937500000000000e+03
7.265625000000000000e+02
6.757812500000000000e+02
7.382812500000000000e+02
9.726562500000000000e+02
9.531250000000000000e+02
1.144531250000000000e+03
1.371093750000000000e+03
8.007812500000000000e+02
9.726562500000000000e+02
1.589843750000000000e+03
9.453125000000000000e+02
1.136718750000000000e+03
1.296875000000000000e+03
7.070312500000000000e+02
7.500000000000000000e+02
9.140625000000000000e+02
8.710937500000000000e+02
1.078125000000000000e+03
9.570312500000000000e+02
9.335937500000000000e+02
1.875000000000000000e+03
8.710937500000000000e+02
1.398437500000000000e+03
9.609375000000000000e+02
1.066406250000000000e+03
8.125000000000000000e+02
1.171875000000000000e+03
6.992187500000000000e+02
6.835937500000000000e+02
6.914062500000000000e+02
7.421875000000000000e+02
7.304687500000000000e+02
8.320312500000000000e+02
7.890625000000000000e+02
8.242187500000000000e+02
6.835937500000000000e+02
6.914062500000000000e+02
8.476562500000000000e+02
1.062500000000000000e+03
6.875000000000000000e+02
8.671875000000000000e+02
1.699218750000000000e+03
1.226562500000000000e+03
7.148437500000000000e+02
7.929687500000000000e+02
9.570312500000000000e+02
1.140625000000000000e+03
6.953125000000000000e+02
6.875000000000000000e+02
7.421875000000000000e+02
6.992187500000000000e+02
1.281250000000000000e+03
9.257812500000000000e+02
8.125000000000000000e+02
7.812500000000000000e+02
7.226562500000000000e+02
7.773437500000000000e+02
7.226562500000000000e+02
1.339843750000000000e+03
6.953125000000000000e+02
6.718750000000000000e+02
6.953125000000000000e+02
1.222656250000000000e+03
1.328125000000000000e+03
8.515625000000000000e+02
6.757812500000000000e+02
1.058593750000000000e+03
8.867187500000000000e+02
7.265625000000000000e+02
8.828125000000000000e+02
1.167968750000000000e+03
1.207031250000000000e+03
1.312500000000000000e+03
1.652343750000000000e+03
7.578125000000000000e+02
1.078125000000000000e+03
1.246093750000000000e+03
1.480468750000000000e+03
1.316406250000000000e+03
1.089843750000000000e+03
7.421875000000000000e+02
7.148437500000000000e+02
9.218750000000000000e+02
1.113281250000000000e+03
6.992187500000000000e+02
1.308593750000000000e+03
1.496093750000000000e+03
1.210937500000000000e+03
1.039062500000000000e+03
8.437500000000000000e+02
2.386718750000000000e+03
1.042968750000000000e+03
1.292968750000000000e+03
1.437500000000000000e+03
1.132812500000000000e+03
7.187500000000000000e+02
7.148437500000000000e+02
1.027343750000000000e+03
1.566406250000000000e+03
1.046875000000000000e+03
1.082031250000000000e+03
1.019531250000000000e+03
7.734375000000000000e+02
9.570312500000000000e+02
1.082031250000000000e+03
1.386718750000000000e+03
1.191406250000000000e+03
7.070312500000000000e+02
6.835937500000000000e+02
9.843750000000000000e+02
1.136718750000000000e+03
1.175781250000000000e+03
1.199218750000000000e+03
8.398437500000000000e+02
8.437500000000000000e+02
1.195312500000000000e+03
6.875000000000000000e+02
6.875000000000000000e+02
6.992187500000000000e+02
9.648437500000000000e+02
1.121093750000000000e+03
7.343750000000000000e+02
7.773437500000000000e+02
7.226562500000000000e+02
7.812500000000000000e+02
7.695312500000000000e+02
7.265625000000000000e+02
1.210937500000000000e+03
1.082031250000000000e+03
9.804687500000000000e+02
6.992187500000000000e+02
6.718750000000000000e+02
9.179687500000000000e+02
1.421875000000000000e+03
1.449218750000000000e+03
8.125000000000000000e+02
9.648437500000000000e+02
1.003906250000000000e+03
8.046875000000000000e+02
7.304687500000000000e+02
9.726562500000000000e+02
7.070312500000000000e+02
1.246093750000000000e+03
1.234375000000000000e+03
9.609375000000000000e+02
7.187500000000000000e+02
7.148437500000000000e+02
1.531250000000000000e+03
8.593750000000000000e+02
8.867187500000000000e+02
1.253906250000000000e+03
1.214843750000000000e+03
8.007812500000000000e+02
1.207031250000000000e+03
6.757812500000000000e+02
1.207031250000000000e+03
1.066406250000000000e+03
7.187500000000000000e+02
1.402343750000000000e+03
1.269531250000000000e+03
1.406250000000000000e+03
8.007812500000000000e+02
1.097656250000000000e+03
1.046875000000000000e+03
1.253906250000000000e+03
6.796875000000000000e+02
7.031250000000000000e+02
1.246093750000000000e+03
9.453125000000000000e+02
1.445312500000000000e+03
1.277343750000000000e+03
1.714843750000000000e+03
1.144531250000000000e+03
8.320312500000000000e+02
1.156250000000000000e+03
8.085937500000000000e+02
9.843750000000000000e+02
3.386718750000000000e+03
9.570312500000000000e+02
1.710937500000000000e+03
2.484375000000000000e+03
6.875000000000000000e+02
6.914062500000000000e+02
1.167968750000000000e+03
9.843750000000000000e+02
7.031250000000000000e+02
1.199218750000000000e+03
7.695312500000000000e+02
1.453125000000000000e+03
9.296875000000000000e+02
8.867187500000000000e+02
1.027343750000000000e+03
8.007812500000000000e+02
9.453125000000000000e+02
1.539062500000000000e+03
1.652343750000000000e+03
1.988281250000000000e+03
1.101562500000000000e+03
