9.726562500000000000e+02
1.085937500000000000e+03
6.875000000000000000e+02
9.453125000000000000e+02
6.679687500000000000e+02
8.554687500000000000e+02
1.210937500000000000e+03
6.953125000000000000e+02
6.679687500000000000e+02
1.019531250000000000e+03
1.015625000000000000e+03
7.070312500000000000e+02
8.242187500000000000e+02
1.351562500000000000e+03
9.765625000000000000e+02
7.617187500000000000e+02
8.632812500000000000e+02
1.058593750000000000e+03
8.007812500000000000e+02
6.992187500000000000e+02
1.125000000000000000e+03
1.140625000000000000e+03
1.296875000000000000e+03
6.992187500000000000e+02
1.238281250000000000e+03
1.085937500000000000e+03
7.851562500000000000e+02
7.343750000000000000e+02
8.632812500000000000e+02
7.851562500000000000e+02
1.218750000000000000e+03
8.984375000000000000e+02
1.203125000000000000e+03
1.632812500000000000e+03
8.515625000000000000e+02
9.257812500000000000e+02
1.156250000000000000e+03
7.695312500000000000e+02
6.679687500000000000e+02
6.875000000000000000e+02
8.281250000000000000e+02
6.679687500000000000e+02
6.992187500000000000e+02
1.300781250000000000e+03
7.851562500000000000e+02
8.320312500000000000e+02
7.070312500000000000e+02
7.500000000000000000e+02
1.289062500000000000e+03
8.164062500000000000e+02
9.453125000000000000e+02
7.460937500000000000e+02
1.035156250000000000e+03
9.843750000000000000e+02
8.632812500000000000e+02
1.039062500000000000e+03
7.265625000000000000e+02
8.984375000000000000e+02
1.066406250000000000e+03
9.296875000000000000e+02
7.421875000000000000e+02
8.164062500000000000e+02
1.296875000000000000e+03
7.695312500000000000e+02
9.804687500000000000e+02
1.152343750000000000e+03
1.230468750000000000e+03
1.035156250000000000e+03
8.515625000000000000e+02
1.250000000000000000e+03
8.007812500000000000e+02
9.140625000000000000e+02
8.867187500000000000e+02
8.164062500000000000e+02
8.320312500000000000e+02
1.035156250000000000e+03
8.007812500000000000e+02
1.066406250000000000e+03
6.679687500000000000e+02
7.968750000000000000e+02
8.164062500000000000e+02
1.402343750000000000e+03
1.351562500000000000e+03
9.882812500000000000e+02
1.128906250000000000e+03
1.488281250000000000e+03
7.695312500000000000e+02
1.875000000000000000e+03
1.316406250000000000e+03
1.250000000000000000e+03
6.679687500000000000e+02
8.671875000000000000e+02
6.679687500000000000e+02
6.835937500000000000e+02
8.476562500000000000e+02
6.835937500000000000e+02
7.343750000000000000e+02
1.316406250000000000e+03
1.117187500000000000e+03
8.359375000000000000e+02
1.542968750000000000e+03
1.132812500000000000e+03
6.679687500000000000e+02
6.835937500000000000e+02
7.500000000000000000e+02
8.359375000000000000e+02
9.296875000000000000e+02
1.000000000000000000e+03
7.695312500000000000e+02
8.515625000000000000e+02
1.265625000000000000e+03
1.066406250000000000e+03
9.843750000000000000e+02
8.515625000000000000e+02
6.992187500000000000e+02
1.484375000000000000e+03
8.671875000000000000e+02
9.335937500000000000e+02
7.500000000000000000e+02
1.417968750000000000e+03
7.148437500000000000e+02
8.671875000000000000e+02
1.433593750000000000e+03
8.007812500000000000e+02
7.148437500000000000e+02
1.136718750000000000e+03
1.316406250000000000e+03
1.046875000000000000e+03
8.515625000000000000e+02
1.066406250000000000e+03
7.500000000000000000e+02
1.031250000000000000e+03
1.222656250000000000e+03
9.570312500000000000e+02
1.062500000000000000e+03
7.382812500000000000e+02
8.320312500000000000e+02
7.460937500000000000e+02
1.621093750000000000e+03
8.828125000000000000e+02
1.312500000000000000e+03
7.382812500000000000e+02
1.578125000000000000e+03
1.222656250000000000e+03
1.050781250000000000e+03
8.164062500000000000e+02
8.437500000000000000e+02
1.355468750000000000e+03
6.679687500000000000e+02
6.992187500000000000e+02
6.835937500000000000e+02
6.992187500000000000e+02
1.234375000000000000e+03
1.250000000000000000e+03
7.500000000000000000e+02
7.500000000000000000e+02
8.789062500000000000e+02
7.382812500000000000e+02
1.000000000000000000e+03
1.312500000000000000e+03
6.718750000000000000e+02
1.117187500000000000e+03
1.261718750000000000e+03
9.882812500000000000e+02
6.953125000000000000e+02
6.718750000000000000e+02
6.835937500000000000e+02
1.015625000000000000e+03
1.300781250000000000e+03
7.500000000000000000e+02
6.835937500000000000e+02
7.500000000000000000e+02
7.500000000000000000e+02
7.656250000000000000e+02
7.460937500000000000e+02
7.539062500000000000e+02
1.312500000000000000e+03
8.164062500000000000e+02
8.203125000000000000e+02
1.132812500000000000e+03
7.460937500000000000e+02
1.316406250000000000e+03
7.031250000000000000e+02
1.316406250000000000e+03
1.316406250000000000e+03
7.460937500000000000e+02
1.070312500000000000e+03
7.460937500000000000e+02
1.250000000000000000e+03
7.539062500000000000e+02
6.992187500000000000e+02
7.500000000000000000e+02
8.632812500000000000e+02
1.136718750000000000e+03
6.679687500000000000e+02
6.992187500000000000e+02
7.500000000000000000e+02
1.250000000000000000e+03
6.835937500000000000e+02
6.835937500000000000e+02
7.500000000000000000e+02
7.851562500000000000e+02
6.992187500000000000e+02
9.335937500000000000e+02
7.304687500000000000e+02
6.875000000000000000e+02
1.050781250000000000e+03
6.835937500000000000e+02
7.304687500000000000e+02
6.835937500000000000e+02
1.070312500000000000e+03
1.117187500000000000e+03
8.476562500000000000e+02
8.007812500000000000e+02
9.531250000000000000e+02
9.335937500000000000e+02
7.304687500000000000e+02
7.031250000000000000e+02
8.671875000000000000e+02
8.476562500000000000e+02
7.695312500000000000e+02
6.835937500000000000e+02
7.148437500000000000e+02
8.164062500000000000e+02
7.539062500000000000e+02
9.960937500000000000e+02
7.226562500000000000e+02
1.699218750000000000e+03
6.796875000000000000e+02
7.031250000000000000e+02
9.140625000000000000e+02
8.867187500000000000e+02
7.578125000000000000e+02
1.367187500000000000e+03
8.359375000000000000e+02
7.148437500000000000e+02
7.109375000000000000e+02
8.906250000000000000e+02
7.148437500000000000e+02
6.679687500000000000e+02
1.058593750000000000e+03
8.476562500000000000e+02
1.050781250000000000e+03
6.914062500000000000e+02
8.593750000000000000e+02
1.050781250000000000e+03
7.187500000000000000e+02
8.125000000000000000e+02
6.757812500000000000e+02
6.992187500000000000e+02
1.148437500000000000e+03
1.468750000000000000e+03
7.148437500000000000e+02
1.218750000000000000e+03
3.316406250000000000e+03
1.667968750000000000e+03
1.246093750000000000e+03
1.605468750000000000e+03
9.843750000000000000e+02
6.992187500000000000e+02
9.335937500000000000e+02
1.234375000000000000e+03
1.000000000000000000e+03
7.343750000000000000e+02
6.835937500000000000e+02
8.671875000000000000e+02
1.550781250000000000e+03
9.492187500000000000e+02
1.406250000000000000e+03
9.453125000000000000e+02
7.656250000000000000e+02
1.101562500000000000e+03
1.000000000000000000e+03
8.007812500000000000e+02
8.164062500000000000e+02
6.835937500000000000e+02
7.500000000000000000e+02
7.500000000000000000e+02
6.835937500000000000e+02
1.000000000000000000e+03
1.117187500000000000e+03
6.835937500000000000e+02
9.492187500000000000e+02
8.007812500000000000e+02
7.500000000000000000e+02
1.367187500000000000e+03
2.785156250000000000e+03
1.550781250000000000e+03
1.117187500000000000e+03
6.992187500000000000e+02
6.757812500000000000e+02
9.531250000000000000e+02
1.210937500000000000e+03
9.804687500000000000e+02
1.082031250000000000e+03
7.851562500000000000e+02
9.492187500000000000e+02
9.843750000000000000e+02
8.671875000000000000e+02
8.828125000000000000e+02
6.679687500000000000e+02
1.117187500000000000e+03
7.265625000000000000e+02
7.070312500000000000e+02
1.066406250000000000e+03
1.414062500000000000e+03
1.183593750000000000e+03
9.843750000000000000e+02
7.187500000000000000e+02
7.500000000000000000e+02
8.984375000000000000e+02
1.183593750000000000e+03
6.835937500000000000e+02
9.296875000000000000e+02
7.460937500000000000e+02
7.539062500000000000e+02
8.671875000000000000e+02
7.812500000000000000e+02
1.359375000000000000e+03
8.203125000000000000e+02
7.460937500000000000e+02
8.203125000000000000e+02
6.914062500000000000e+02
6.914062500000000000e+02
7.343750000000000000e+02
1.101562500000000000e+03
1.062500000000000000e+03
6.679687500000000000e+02
1.886718750000000000e+03
1.042968750000000000e+03
1.554687500000000000e+03
7.500000000000000000e+02
1.292968750000000000e+03
7.382812500000000000e+02
7.968750000000000000e+02
3.250000000000000000e+03
6.718750000000000000e+02
9.492187500000000000e+02
1.171875000000000000e+03
6.835937500000000000e+02
1.312500000000000000e+03
2.691406250000000000e+03
1.566406250000000000e+03
1.589843750000000000e+03
1.320312500000000000e+03
1.000000000000000000e+03
1.542968750000000000e+03
7.421875000000000000e+02
9.531250000000000000e+02
7.109375000000000000e+02
7.500000000000000000e+02
2.015625000000000000e+03
4.003906250000000000e+03
7.304687500000000000e+02
7.148437500000000000e+02
1.203125000000000000e+03
8.828125000000000000e+02
6.718750000000000000e+02
7.343750000000000000e+02
7.070312500000000000e+02
8.085937500000000000e+02
7.460937500000000000e+02
1.152343750000000000e+03
1.078125000000000000e+03
8.437500000000000000e+02
1.910156250000000000e+03
1.066406250000000000e+03
7.734375000000000000e+02
7.421875000000000000e+02
1.269531250000000000e+03
1.050781250000000000e+03
9.023437500000000000e+02
2.070312500000000000e+03
