7.265625000000000000e+02
7.109375000000000000e+02
7.148437500000000000e+02
7.031250000000000000e+02
6.953125000000000000e+02
6.875000000000000000e+02
6.796875000000000000e+02
6.718750000000000000e+02
6.835937500000000000e+02
6.757812500000000000e+02
6.875000000000000000e+02
7.031250000000000000e+02
7.226562500000000000e+02
7.187500000000000000e+02
7.148437500000000000e+02
7.343750000000000000e+02
7.148437500000000000e+02
7.265625000000000000e+02
7.187500000000000000e+02
7.187500000000000000e+02
7.539062500000000000e+02
7.460937500000000000e+02
7.421875000000000000e+02
7.734375000000000000e+02
7.460937500000000000e+02
7.695312500000000000e+02
7.929687500000000000e+02
8.085937500000000000e+02
8.281250000000000000e+02
8.359375000000000000e+02
8.476562500000000000e+02
8.125000000000000000e+02
8.203125000000000000e+02
8.281250000000000000e+02
8.828125000000000000e+02
9.023437500000000000e+02
8.476562500000000000e+02
8.164062500000000000e+02
1.718750000000000000e+03
8.476562500000000000e+02
8.476562500000000000e+02
8.320312500000000000e+02
8.164062500000000000e+02
8.437500000000000000e+02
8.593750000000000000e+02
8.710937500000000000e+02
8.437500000000000000e+02
8.320312500000000000e+02
8.359375000000000000e+02
8.476562500000000000e+02
8.203125000000000000e+02
8.007812500000000000e+02
7.773437500000000000e+02
7.500000000000000000e+02
7.539062500000000000e+02
7.695312500000000000e+02
7.812500000000000000e+02
1.593750000000000000e+03
7.851562500000000000e+02
8.007812500000000000e+02
8.164062500000000000e+02
8.085937500000000000e+02
1.585937500000000000e+03
8.242187500000000000e+02
8.203125000000000000e+02
8.242187500000000000e+02
8.359375000000000000e+02
7.070312500000000000e+02
6.757812500000000000e+02
1.039062500000000000e+03
7.812500000000000000e+02
7.656250000000000000e+02
7.421875000000000000e+02
7.500000000000000000e+02
7.773437500000000000e+02
8.007812500000000000e+02
4.929687500000000000e+03
8.710937500000000000e+02
4.292968750000000000e+03
7.070312500000000000e+02
1.046875000000000000e+03
8.593750000000000000e+02
8.363281250000000000e+03
3.718750000000000000e+03
9.453125000000000000e+02
9.687500000000000000e+02
9.296875000000000000e+02
9.531250000000000000e+02
1.902343750000000000e+03
1.898437500000000000e+03
9.414062500000000000e+02
1.976562500000000000e+03
9.570312500000000000e+02
9.804687500000000000e+02
5.761718750000000000e+03
1.886718750000000000e+03
9.609375000000000000e+02
1.812500000000000000e+03
8.867187500000000000e+02
9.140625000000000000e+02
8.750000000000000000e+02
1.769531250000000000e+03
1.750000000000000000e+03
1.738281250000000000e+03
1.216796875000000000e+04
9.296875000000000000e+02
3.707031250000000000e+03
9.570312500000000000e+02
9.375000000000000000e+02
1.906250000000000000e+03
9.335937500000000000e+02
9.296875000000000000e+02
2.785156250000000000e+03
1.516406250000000000e+04
9.414062500000000000e+02
9.062500000000000000e+02
8.242187500000000000e+02
8.554687500000000000e+02
8.593750000000000000e+02
8.398437500000000000e+02
8.085937500000000000e+02
8.359375000000000000e+02
8.242187500000000000e+02
8.085937500000000000e+02
8.046875000000000000e+02
8.007812500000000000e+02
7.968750000000000000e+02
7.890625000000000000e+02
7.695312500000000000e+02
7.656250000000000000e+02
