1.015625000000000000e+03
7.109375000000000000e+02
1.261718750000000000e+03
1.246093750000000000e+03
1.113281250000000000e+03
8.281250000000000000e+02
1.378906250000000000e+03
1.203125000000000000e+03
1.402343750000000000e+03
7.851562500000000000e+02
7.148437500000000000e+02
8.750000000000000000e+02
1.187500000000000000e+03
7.656250000000000000e+02
9.023437500000000000e+02
1.519531250000000000e+03
7.226562500000000000e+02
9.257812500000000000e+02
7.148437500000000000e+02
6.718750000000000000e+02
1.324218750000000000e+03
6.835937500000000000e+02
7.070312500000000000e+02
6.875000000000000000e+02
7.148437500000000000e+02
1.250000000000000000e+03
6.796875000000000000e+02
9.296875000000000000e+02
7.070312500000000000e+02
6.953125000000000000e+02
7.187500000000000000e+02
7.382812500000000000e+02
1.531250000000000000e+03
7.773437500000000000e+02
1.382812500000000000e+03
7.265625000000000000e+02
2.085937500000000000e+03
1.085937500000000000e+03
1.093750000000000000e+03
6.679687500000000000e+02
8.203125000000000000e+02
9.648437500000000000e+02
8.710937500000000000e+02
1.503906250000000000e+03
1.312500000000000000e+03
1.230468750000000000e+03
1.277343750000000000e+03
6.718750000000000000e+02
7.148437500000000000e+02
7.617187500000000000e+02
8.203125000000000000e+02
9.882812500000000000e+02
9.101562500000000000e+02
7.070312500000000000e+02
1.046875000000000000e+03
1.074218750000000000e+03
7.929687500000000000e+02
1.300781250000000000e+03
1.503906250000000000e+03
1.207031250000000000e+03
8.203125000000000000e+02
9.296875000000000000e+02
1.343750000000000000e+03
8.203125000000000000e+02
7.187500000000000000e+02
6.757812500000000000e+02
1.875000000000000000e+03
1.109375000000000000e+03
7.109375000000000000e+02
6.875000000000000000e+02
8.554687500000000000e+02
1.003906250000000000e+03
9.648437500000000000e+02
1.269531250000000000e+03
7.968750000000000000e+02
8.125000000000000000e+02
8.125000000000000000e+02
1.503906250000000000e+03
1.144531250000000000e+03
9.179687500000000000e+02
6.835937500000000000e+02
6.953125000000000000e+02
1.417968750000000000e+03
6.757812500000000000e+02
8.671875000000000000e+02
1.234375000000000000e+03
6.914062500000000000e+02
7.382812500000000000e+02
7.539062500000000000e+02
7.851562500000000000e+02
7.656250000000000000e+02
7.929687500000000000e+02
8.515625000000000000e+02
1.398437500000000000e+03
1.253906250000000000e+03
7.109375000000000000e+02
6.992187500000000000e+02
6.992187500000000000e+02
7.812500000000000000e+02
8.007812500000000000e+02
8.789062500000000000e+02
1.437500000000000000e+03
8.632812500000000000e+02
1.242187500000000000e+03
1.039062500000000000e+03
1.464843750000000000e+03
1.246093750000000000e+03
1.597656250000000000e+03
1.468750000000000000e+03
1.023437500000000000e+03
1.019531250000000000e+03
1.468750000000000000e+03
1.097656250000000000e+03
7.421875000000000000e+02
1.390625000000000000e+03
5.148437500000000000e+03
7.929687500000000000e+02
7.617187500000000000e+02
1.308593750000000000e+03
1.050781250000000000e+03
1.343750000000000000e+03
1.066406250000000000e+03
1.195312500000000000e+03
6.875000000000000000e+02
6.835937500000000000e+02
9.492187500000000000e+02
1.042968750000000000e+03
6.914062500000000000e+02
1.277343750000000000e+03
7.812500000000000000e+02
8.710937500000000000e+02
6.953125000000000000e+02
8.984375000000000000e+02
7.500000000000000000e+02
1.093750000000000000e+03
9.375000000000000000e+02
6.718750000000000000e+02
1.210937500000000000e+03
7.617187500000000000e+02
6.796875000000000000e+02
9.609375000000000000e+02
6.757812500000000000e+02
1.023437500000000000e+03
7.031250000000000000e+02
7.187500000000000000e+02
3.417968750000000000e+03
1.707031250000000000e+03
1.136718750000000000e+03
9.101562500000000000e+02
9.062500000000000000e+02
1.277343750000000000e+03
6.914062500000000000e+02
7.500000000000000000e+02
7.539062500000000000e+02
7.734375000000000000e+02
8.281250000000000000e+02
8.867187500000000000e+02
8.242187500000000000e+02
9.218750000000000000e+02
9.453125000000000000e+02
8.789062500000000000e+02
9.375000000000000000e+02
9.765625000000000000e+02
9.062500000000000000e+02
9.531250000000000000e+02
9.179687500000000000e+02
8.867187500000000000e+02
9.414062500000000000e+02
9.726562500000000000e+02
9.101562500000000000e+02
9.062500000000000000e+02
9.375000000000000000e+02
8.867187500000000000e+02
8.984375000000000000e+02
8.984375000000000000e+02
9.023437500000000000e+02
8.085937500000000000e+02
7.421875000000000000e+02
7.070312500000000000e+02
7.187500000000000000e+02
8.359375000000000000e+02
8.593750000000000000e+02
8.750000000000000000e+02
1.144531250000000000e+03
1.046875000000000000e+03
8.867187500000000000e+02
8.710937500000000000e+02
7.734375000000000000e+02
8.085937500000000000e+02
8.476562500000000000e+02
7.773437500000000000e+02
7.539062500000000000e+02
7.539062500000000000e+02
7.968750000000000000e+02
7.500000000000000000e+02
6.679687500000000000e+02
7.148437500000000000e+02
8.203125000000000000e+02
8.554687500000000000e+02
8.750000000000000000e+02
8.984375000000000000e+02
8.671875000000000000e+02
8.437500000000000000e+02
8.906250000000000000e+02
9.218750000000000000e+02
9.140625000000000000e+02
9.531250000000000000e+02
9.648437500000000000e+02
8.945312500000000000e+02
9.453125000000000000e+02
9.687500000000000000e+02
8.945312500000000000e+02
9.453125000000000000e+02
9.375000000000000000e+02
9.218750000000000000e+02
9.023437500000000000e+02
7.734375000000000000e+02
7.578125000000000000e+02
8.085937500000000000e+02
8.046875000000000000e+02
8.476562500000000000e+02
8.750000000000000000e+02
8.281250000000000000e+02
8.632812500000000000e+02
1.238281250000000000e+03
7.890625000000000000e+02
1.343750000000000000e+03
7.460937500000000000e+02
1.308593750000000000e+03
7.031250000000000000e+02
6.953125000000000000e+02
7.929687500000000000e+02
1.261718750000000000e+03
1.097656250000000000e+03
1.804687500000000000e+03
8.203125000000000000e+02
9.882812500000000000e+02
1.421875000000000000e+03
9.726562500000000000e+02
7.421875000000000000e+02
1.636718750000000000e+03
8.046875000000000000e+02
1.359375000000000000e+03
1.125000000000000000e+03
1.050781250000000000e+03
8.125000000000000000e+02
1.644531250000000000e+03
9.257812500000000000e+02
9.414062500000000000e+02
1.300781250000000000e+03
8.906250000000000000e+02
1.085937500000000000e+03
1.000000000000000000e+03
1.316406250000000000e+03
6.796875000000000000e+02
9.062500000000000000e+02
1.339843750000000000e+03
6.875000000000000000e+02
6.796875000000000000e+02
7.851562500000000000e+02
