1.207031250000000000e+03
1.171875000000000000e+03
1.125000000000000000e+03
1.101562500000000000e+03
1.679687500000000000e+03
1.175781250000000000e+03
1.750000000000000000e+03
1.164062500000000000e+03
1.191406250000000000e+03
1.718750000000000000e+03
1.078125000000000000e+03
1.062500000000000000e+03
1.742187500000000000e+03
6.796875000000000000e+02
7.031250000000000000e+02
7.148437500000000000e+02
1.304687500000000000e+03
1.312500000000000000e+03
1.320312500000000000e+03
1.871093750000000000e+03
1.121093750000000000e+03
1.089843750000000000e+03
1.136718750000000000e+03
1.187500000000000000e+03
1.187500000000000000e+03
1.246093750000000000e+03
6.718750000000000000e+02
1.359375000000000000e+03
7.539062500000000000e+02
7.421875000000000000e+02
7.031250000000000000e+02
7.031250000000000000e+02
7.031250000000000000e+02
6.796875000000000000e+02
6.796875000000000000e+02
6.914062500000000000e+02
6.796875000000000000e+02
1.339843750000000000e+03
6.679687500000000000e+02
6.679687500000000000e+02
6.796875000000000000e+02
6.914062500000000000e+02
6.914062500000000000e+02
6.679687500000000000e+02
1.324218750000000000e+03
6.914062500000000000e+02
6.718750000000000000e+02
1.328125000000000000e+03
1.957031250000000000e+03
1.253906250000000000e+03
1.261718750000000000e+03
7.078125000000000000e+03
1.710937500000000000e+03
1.128906250000000000e+03
1.144531250000000000e+03
1.753906250000000000e+03
1.199218750000000000e+03
2.261718750000000000e+03
7.109375000000000000e+02
1.769531250000000000e+03
1.144531250000000000e+03
1.738281250000000000e+03
1.354687500000000000e+04
7.800781250000000000e+03
1.169531250000000000e+04
3.437500000000000000e+03
1.167968750000000000e+03
1.187500000000000000e+03
1.218750000000000000e+03
6.022656250000000000e+04
2.609375000000000000e+03
1.214062500000000000e+04
9.164062500000000000e+03
5.554687500000000000e+03
5.710937500000000000e+04
1.183593750000000000e+03
1.179687500000000000e+03
1.125000000000000000e+03
1.136718750000000000e+03
1.117187500000000000e+03
1.718750000000000000e+03
1.199218750000000000e+03
1.835937500000000000e+03
1.898437500000000000e+03
4.134765625000000000e+04
7.351562500000000000e+03
1.281250000000000000e+03
1.265625000000000000e+03
1.218750000000000000e+03
1.218750000000000000e+03
1.179687500000000000e+03
1.207031250000000000e+03
2.347656250000000000e+03
1.233984375000000000e+04
1.230468750000000000e+03
1.351562500000000000e+03
1.679687500000000000e+03
1.203125000000000000e+03
1.218750000000000000e+03
7.773437500000000000e+02
1.000000000000000000e+03
1.800781250000000000e+03
1.234375000000000000e+03
1.207031250000000000e+03
1.230468750000000000e+03
5.093750000000000000e+03
2.125000000000000000e+03
2.859375000000000000e+03
1.214843750000000000e+03
1.246093750000000000e+03
1.191406250000000000e+03
1.167968750000000000e+03
1.742187500000000000e+03
