7.343750000000000000e+02
1.464843750000000000e+03
1.187500000000000000e+03
1.281250000000000000e+03
1.234375000000000000e+03
8.828125000000000000e+02
6.835937500000000000e+02
7.500000000000000000e+02
7.500000000000000000e+02
8.164062500000000000e+02
8.164062500000000000e+02
6.679687500000000000e+02
1.066406250000000000e+03
1.000000000000000000e+03
7.343750000000000000e+02
7.500000000000000000e+02
7.031250000000000000e+02
1.750000000000000000e+03
8.671875000000000000e+02
1.765625000000000000e+03
9.843750000000000000e+02
1.351562500000000000e+03
8.828125000000000000e+02
1.050781250000000000e+03
6.835937500000000000e+02
7.812500000000000000e+02
7.343750000000000000e+02
1.167968750000000000e+03
1.015625000000000000e+03
8.164062500000000000e+02
1.000000000000000000e+03
1.367187500000000000e+03
8.320312500000000000e+02
1.550781250000000000e+03
8.164062500000000000e+02
7.617187500000000000e+02
8.593750000000000000e+02
8.281250000000000000e+02
9.648437500000000000e+02
1.011718750000000000e+03
7.578125000000000000e+02
1.101562500000000000e+03
7.460937500000000000e+02
8.359375000000000000e+02
8.632812500000000000e+02
8.593750000000000000e+03
6.757812500000000000e+02
3.851562500000000000e+03
1.230859375000000000e+04
3.140625000000000000e+03
7.289062500000000000e+03
6.757812500000000000e+02
1.273437500000000000e+03
1.359375000000000000e+03
8.867187500000000000e+02
7.109375000000000000e+02
9.023437500000000000e+02
9.218750000000000000e+02
1.039062500000000000e+03
9.804687500000000000e+02
1.281250000000000000e+03
7.343750000000000000e+02
1.031250000000000000e+03
6.992187500000000000e+02
9.375000000000000000e+02
9.960937500000000000e+02
1.167968750000000000e+03
6.679687500000000000e+02
1.060156250000000000e+04
2.433593750000000000e+03
2.410156250000000000e+03
5.664062500000000000e+03
1.218750000000000000e+03
9.218750000000000000e+02
7.734375000000000000e+02
8.125000000000000000e+02
6.679687500000000000e+02
1.031250000000000000e+03
1.253906250000000000e+03
1.046875000000000000e+03
2.921875000000000000e+03
1.898437500000000000e+03
1.540234375000000000e+04
1.902343750000000000e+03
1.675781250000000000e+03
1.867187500000000000e+03
6.992187500000000000e+02
3.000000000000000000e+03
1.212500000000000000e+04
9.375000000000000000e+02
1.847656250000000000e+03
1.031250000000000000e+03
1.234375000000000000e+03
3.679687500000000000e+03
1.453125000000000000e+03
1.672265625000000000e+04
6.914062500000000000e+02
1.542968750000000000e+03
6.953125000000000000e+02
7.421875000000000000e+02
8.554687500000000000e+02
7.812500000000000000e+02
1.796875000000000000e+03
6.718750000000000000e+02
1.359375000000000000e+03
1.253906250000000000e+03
8.710937500000000000e+02
1.328125000000000000e+03
1.019531250000000000e+03
2.515625000000000000e+03
1.375000000000000000e+03
7.578125000000000000e+02
1.371093750000000000e+03
1.566406250000000000e+03
1.238281250000000000e+03
4.984375000000000000e+03
1.433593750000000000e+03
8.320312500000000000e+02
6.835937500000000000e+02
8.164062500000000000e+02
8.828125000000000000e+02
8.007812500000000000e+02
6.992187500000000000e+02
6.835937500000000000e+02
1.117187500000000000e+03
1.199218750000000000e+03
7.343750000000000000e+02
7.500000000000000000e+02
1.000000000000000000e+03
6.679687500000000000e+02
8.476562500000000000e+02
8.320312500000000000e+02
1.207031250000000000e+03
1.140625000000000000e+03
1.019531250000000000e+03
9.921875000000000000e+02
7.343750000000000000e+02
7.226562500000000000e+02
1.257812500000000000e+03
9.882812500000000000e+02
1.148437500000000000e+03
9.960937500000000000e+02
3.972656250000000000e+03
8.929687500000000000e+03
8.515625000000000000e+02
8.671875000000000000e+02
1.125000000000000000e+03
1.003906250000000000e+03
1.035156250000000000e+03
1.082031250000000000e+03
8.359375000000000000e+02
1.101562500000000000e+03
1.265625000000000000e+03
8.789062500000000000e+02
1.296875000000000000e+03
7.187500000000000000e+02
7.500000000000000000e+02
1.148437500000000000e+03
9.843750000000000000e+02
9.843750000000000000e+02
1.265625000000000000e+03
8.867187500000000000e+02
1.218750000000000000e+03
7.500000000000000000e+02
6.835937500000000000e+02
6.953125000000000000e+02
8.164062500000000000e+02
8.515625000000000000e+02
7.187500000000000000e+02
1.019531250000000000e+03
7.890625000000000000e+02
8.437500000000000000e+02
1.132812500000000000e+03
8.007812500000000000e+02
8.320312500000000000e+02
7.656250000000000000e+02
1.300781250000000000e+03
6.835937500000000000e+02
7.187500000000000000e+02
6.835937500000000000e+02
1.167968750000000000e+03
2.781250000000000000e+03
8.164062500000000000e+02
1.132812500000000000e+03
1.332031250000000000e+03
9.492187500000000000e+02
6.835937500000000000e+02
6.992187500000000000e+02
1.222656250000000000e+03
1.093750000000000000e+03
1.000000000000000000e+03
8.828125000000000000e+02
7.773437500000000000e+02
7.226562500000000000e+02
1.093750000000000000e+03
6.679687500000000000e+02
8.359375000000000000e+02
7.304687500000000000e+02
1.078125000000000000e+03
6.757812500000000000e+02
1.320312500000000000e+03
2.074218750000000000e+03
1.613281250000000000e+03
1.871093750000000000e+03
1.351562500000000000e+03
7.304687500000000000e+02
8.828125000000000000e+02
7.656250000000000000e+02
8.320312500000000000e+02
6.992187500000000000e+02
6.992187500000000000e+02
9.492187500000000000e+02
1.066406250000000000e+03
7.656250000000000000e+02
1.265625000000000000e+03
7.812500000000000000e+02
1.148437500000000000e+03
8.828125000000000000e+02
9.492187500000000000e+02
6.835937500000000000e+02
6.992187500000000000e+02
9.492187500000000000e+02
7.656250000000000000e+02
1.066406250000000000e+03
6.992187500000000000e+02
8.320312500000000000e+02
6.992187500000000000e+02
1.332031250000000000e+03
7.539062500000000000e+02
1.246093750000000000e+03
8.007812500000000000e+02
7.148437500000000000e+02
8.867187500000000000e+02
7.773437500000000000e+02
7.187500000000000000e+02
1.183593750000000000e+03
9.492187500000000000e+02
6.992187500000000000e+02
1.015625000000000000e+03
7.656250000000000000e+02
7.500000000000000000e+02
1.000000000000000000e+03
9.179687500000000000e+02
7.304687500000000000e+02
7.343750000000000000e+02
1.066406250000000000e+03
6.992187500000000000e+02
6.992187500000000000e+02
1.398437500000000000e+03
8.007812500000000000e+02
8.164062500000000000e+02
8.007812500000000000e+02
1.214843750000000000e+03
6.992187500000000000e+02
8.007812500000000000e+02
8.007812500000000000e+02
1.164062500000000000e+03
1.132812500000000000e+03
8.203125000000000000e+02
7.460937500000000000e+02
8.320312500000000000e+02
1.367187500000000000e+03
8.671875000000000000e+02
8.398437500000000000e+02
6.914062500000000000e+02
8.203125000000000000e+02
9.960937500000000000e+02
8.554687500000000000e+02
7.109375000000000000e+02
6.835937500000000000e+02
9.179687500000000000e+02
1.031250000000000000e+03
1.066406250000000000e+03
9.335937500000000000e+02
9.843750000000000000e+02
1.164062500000000000e+03
1.085937500000000000e+03
1.050781250000000000e+03
1.117187500000000000e+03
1.332031250000000000e+03
7.500000000000000000e+02
7.148437500000000000e+02
1.332031250000000000e+03
1.132812500000000000e+03
8.671875000000000000e+02
3.734375000000000000e+03
1.367187500000000000e+04
1.523437500000000000e+03
8.710937500000000000e+02
6.460937500000000000e+03
1.031250000000000000e+03
6.914062500000000000e+02
1.132812500000000000e+03
1.093750000000000000e+03
1.480468750000000000e+03
1.214843750000000000e+03
1.117187500000000000e+03
7.500000000000000000e+02
1.222656250000000000e+03
1.148437500000000000e+03
1.285156250000000000e+03
7.148437500000000000e+02
1.015625000000000000e+03
1.218750000000000000e+03
7.500000000000000000e+02
9.492187500000000000e+02
1.218750000000000000e+03
8.281250000000000000e+02
6.835937500000000000e+02
9.492187500000000000e+02
6.718750000000000000e+02
1.144531250000000000e+03
1.148437500000000000e+03
1.136718750000000000e+03
9.023437500000000000e+02
1.179687500000000000e+03
7.539062500000000000e+02
7.304687500000000000e+02
9.843750000000000000e+02
2.500000000000000000e+03
6.679687500000000000e+02
7.500000000000000000e+02
7.656250000000000000e+02
8.320312500000000000e+02
1.046875000000000000e+03
1.203125000000000000e+03
6.914062500000000000e+02
7.929687500000000000e+02
1.015625000000000000e+03
6.757812500000000000e+02
8.242187500000000000e+02
7.187500000000000000e+02
8.476562500000000000e+02
