8.281250000000000000e+02
8.125000000000000000e+02
8.359375000000000000e+02
8.710937500000000000e+02
8.632812500000000000e+02
8.515625000000000000e+02
8.476562500000000000e+02
8.320312500000000000e+02
7.734375000000000000e+02
7.656250000000000000e+02
7.851562500000000000e+02
8.164062500000000000e+02
9.453125000000000000e+02
9.414062500000000000e+02
9.101562500000000000e+02
9.179687500000000000e+02
8.789062500000000000e+02
9.296875000000000000e+02
9.375000000000000000e+02
8.593750000000000000e+02
9.375000000000000000e+02
9.023437500000000000e+02
9.062500000000000000e+02
8.906250000000000000e+02
8.320312500000000000e+02
9.023437500000000000e+02
8.750000000000000000e+02
9.062500000000000000e+02
9.140625000000000000e+02
9.023437500000000000e+02
8.593750000000000000e+02
8.007812500000000000e+02
1.750000000000000000e+03
9.414062500000000000e+02
8.554687500000000000e+02
9.296875000000000000e+02
9.101562500000000000e+02
9.609375000000000000e+02
1.949218750000000000e+03
8.789062500000000000e+02
8.867187500000000000e+02
8.593750000000000000e+02
8.437500000000000000e+02
8.828125000000000000e+02
9.101562500000000000e+02
8.515625000000000000e+02
8.632812500000000000e+02
9.101562500000000000e+02
9.140625000000000000e+02
8.671875000000000000e+02
8.750000000000000000e+02
9.218750000000000000e+02
1.843750000000000000e+03
9.296875000000000000e+02
9.687500000000000000e+02
9.218750000000000000e+02
8.398437500000000000e+02
8.984375000000000000e+02
8.515625000000000000e+02
8.437500000000000000e+02
8.828125000000000000e+02
8.789062500000000000e+02
8.906250000000000000e+02
8.671875000000000000e+02
1.585937500000000000e+03
8.085937500000000000e+02
8.085937500000000000e+02
8.085937500000000000e+02
7.890625000000000000e+02
7.578125000000000000e+02
7.812500000000000000e+02
8.398437500000000000e+02
8.164062500000000000e+02
8.242187500000000000e+02
8.515625000000000000e+02
8.828125000000000000e+02
8.515625000000000000e+02
8.750000000000000000e+02
8.945312500000000000e+02
8.710937500000000000e+02
8.320312500000000000e+02
8.828125000000000000e+02
7.890625000000000000e+02
8.515625000000000000e+02
9.023437500000000000e+02
9.101562500000000000e+02
9.648437500000000000e+02
9.062500000000000000e+02
8.867187500000000000e+02
8.984375000000000000e+02
8.398437500000000000e+02
8.320312500000000000e+02
8.398437500000000000e+02
8.593750000000000000e+02
9.023437500000000000e+02
8.007812500000000000e+02
8.906250000000000000e+02
8.945312500000000000e+02
4.589843750000000000e+03
1.664062500000000000e+03
8.007812500000000000e+02
7.617187500000000000e+02
8.398437500000000000e+02
8.007812500000000000e+02
8.554687500000000000e+02
9.023437500000000000e+02
9.804687500000000000e+02
1.039062500000000000e+03
1.042968750000000000e+03
9.804687500000000000e+02
9.492187500000000000e+02
1.000000000000000000e+03
9.921875000000000000e+02
9.765625000000000000e+02
9.804687500000000000e+02
8.710937500000000000e+02
8.750000000000000000e+02
8.828125000000000000e+02
8.750000000000000000e+02
9.257812500000000000e+02
9.804687500000000000e+02
9.335937500000000000e+02
9.296875000000000000e+02
9.414062500000000000e+02
9.453125000000000000e+02
9.257812500000000000e+02
9.179687500000000000e+02
9.531250000000000000e+02
9.296875000000000000e+02
9.453125000000000000e+02
8.593750000000000000e+02
9.023437500000000000e+02
8.632812500000000000e+02
9.140625000000000000e+02
9.570312500000000000e+02
9.921875000000000000e+02
9.648437500000000000e+02
9.257812500000000000e+02
9.804687500000000000e+02
9.804687500000000000e+02
9.648437500000000000e+02
8.984375000000000000e+02
9.453125000000000000e+02
9.609375000000000000e+02
9.570312500000000000e+02
9.375000000000000000e+02
9.414062500000000000e+02
9.765625000000000000e+02
9.335937500000000000e+02
9.453125000000000000e+02
8.984375000000000000e+02
9.023437500000000000e+02
9.101562500000000000e+02
8.710937500000000000e+02
8.867187500000000000e+02
9.609375000000000000e+02
8.593750000000000000e+02
9.296875000000000000e+02
9.804687500000000000e+02
9.570312500000000000e+02
9.570312500000000000e+02
9.062500000000000000e+02
9.140625000000000000e+02
8.750000000000000000e+02
9.531250000000000000e+02
9.570312500000000000e+02
9.648437500000000000e+02
9.960937500000000000e+02
9.687500000000000000e+02
9.453125000000000000e+02
9.687500000000000000e+02
8.789062500000000000e+02
9.179687500000000000e+02
8.789062500000000000e+02
8.710937500000000000e+02
8.984375000000000000e+02
9.023437500000000000e+02
9.179687500000000000e+02
9.101562500000000000e+02
9.140625000000000000e+02
9.140625000000000000e+02
9.609375000000000000e+02
9.882812500000000000e+02
9.218750000000000000e+02
9.218750000000000000e+02
8.632812500000000000e+02
8.710937500000000000e+02
8.281250000000000000e+02
9.179687500000000000e+02
9.414062500000000000e+02
9.335937500000000000e+02
9.609375000000000000e+02
9.648437500000000000e+02
8.671875000000000000e+02
8.632812500000000000e+02
8.398437500000000000e+02
9.179687500000000000e+02
8.867187500000000000e+02
9.062500000000000000e+02
8.984375000000000000e+02
9.414062500000000000e+02
9.257812500000000000e+02
8.671875000000000000e+02
8.945312500000000000e+02
8.906250000000000000e+02
8.945312500000000000e+02
7.851562500000000000e+02
8.320312500000000000e+02
7.734375000000000000e+02
7.656250000000000000e+02
8.398437500000000000e+02
7.851562500000000000e+02
8.085937500000000000e+02
8.085937500000000000e+02
8.554687500000000000e+02
8.320312500000000000e+02
7.734375000000000000e+02
8.164062500000000000e+02
8.125000000000000000e+02
7.929687500000000000e+02
7.617187500000000000e+02
7.851562500000000000e+02
1.542968750000000000e+03
7.617187500000000000e+02
7.656250000000000000e+02
1.523437500000000000e+03
1.554687500000000000e+03
1.710937500000000000e+03
1.742187500000000000e+03
8.437500000000000000e+02
8.398437500000000000e+02
8.046875000000000000e+02
8.085937500000000000e+02
7.890625000000000000e+02
1.675781250000000000e+03
8.789062500000000000e+02
8.593750000000000000e+02
1.804687500000000000e+03
8.164062500000000000e+02
8.750000000000000000e+02
8.906250000000000000e+02
9.726562500000000000e+02
9.414062500000000000e+02
9.257812500000000000e+02
8.828125000000000000e+02
9.531250000000000000e+02
9.140625000000000000e+02
9.296875000000000000e+02
8.984375000000000000e+02
8.750000000000000000e+02
8.203125000000000000e+02
8.906250000000000000e+02
7.851562500000000000e+02
8.203125000000000000e+02
8.789062500000000000e+02
3.824218750000000000e+03
1.835937500000000000e+03
9.257812500000000000e+02
9.179687500000000000e+02
9.140625000000000000e+02
8.632812500000000000e+02
8.046875000000000000e+02
7.851562500000000000e+02
7.695312500000000000e+02
8.398437500000000000e+02
7.500000000000000000e+02
7.812500000000000000e+02
8.007812500000000000e+02
8.046875000000000000e+02
7.695312500000000000e+02
8.085937500000000000e+02
8.125000000000000000e+02
7.773437500000000000e+02
7.773437500000000000e+02
8.125000000000000000e+02
8.515625000000000000e+02
8.437500000000000000e+02
8.125000000000000000e+02
7.929687500000000000e+02
7.890625000000000000e+02
1.675781250000000000e+03
8.828125000000000000e+02
8.632812500000000000e+02
8.554687500000000000e+02
8.984375000000000000e+02
1.777343750000000000e+03
9.335937500000000000e+02
8.789062500000000000e+02
1.683593750000000000e+03
9.062500000000000000e+02
1.699218750000000000e+03
3.488281250000000000e+03
2.386718750000000000e+03
8.867187500000000000e+02
8.242187500000000000e+02
8.046875000000000000e+02
8.437500000000000000e+02
7.734375000000000000e+02
8.007812500000000000e+02
1.621093750000000000e+03
1.523437500000000000e+03
7.265625000000000000e+02
7.382812500000000000e+02
7.890625000000000000e+02
7.460937500000000000e+02
3.339062500000000000e+04
4.203125000000000000e+03
1.921875000000000000e+03
9.375000000000000000e+02
1.007812500000000000e+03
9.648437500000000000e+02
9.765625000000000000e+02
9.648437500000000000e+02
1.007812500000000000e+03
9.960937500000000000e+02
9.804687500000000000e+02
1.000000000000000000e+03
6.980468750000000000e+03
1.141015625000000000e+04
2.929687500000000000e+03
9.765625000000000000e+02
1.945312500000000000e+03
9.687500000000000000e+02
9.921875000000000000e+02
9.648437500000000000e+02
9.492187500000000000e+02
1.878906250000000000e+03
9.687500000000000000e+02
9.257812500000000000e+02
9.140625000000000000e+02
2.878906250000000000e+03
2.898437500000000000e+03
9.765625000000000000e+02
9.335937500000000000e+02
9.726562500000000000e+02
2.906250000000000000e+03
9.179687500000000000e+02
2.886718750000000000e+03
1.933593750000000000e+03
1.000000000000000000e+03
9.531250000000000000e+02
1.894531250000000000e+03
8.945312500000000000e+02
9.609375000000000000e+02
6.687500000000000000e+03
1.027343750000000000e+03
9.296875000000000000e+02
9.531250000000000000e+02
9.882812500000000000e+02
9.375000000000000000e+02
9.804687500000000000e+02
9.960937500000000000e+02
2.781250000000000000e+03
1.695312500000000000e+03
1.738281250000000000e+03
1.117968750000000000e+04
3.281250000000000000e+04
1.695703125000000000e+04
8.710937500000000000e+02
8.515625000000000000e+02
1.097656250000000000e+03
6.718750000000000000e+02
