9.453125000000000000e+02
9.023437500000000000e+02
8.867187500000000000e+02
9.375000000000000000e+02
9.296875000000000000e+02
9.453125000000000000e+02
9.492187500000000000e+02
9.375000000000000000e+02
8.945312500000000000e+02
9.218750000000000000e+02
9.492187500000000000e+02
9.257812500000000000e+02
9.375000000000000000e+02
9.179687500000000000e+02
8.789062500000000000e+02
9.257812500000000000e+02
9.609375000000000000e+02
9.531250000000000000e+02
9.257812500000000000e+02
9.257812500000000000e+02
8.984375000000000000e+02
9.335937500000000000e+02
9.609375000000000000e+02
9.609375000000000000e+02
9.453125000000000000e+02
9.531250000000000000e+02
9.257812500000000000e+02
9.335937500000000000e+02
9.531250000000000000e+02
9.570312500000000000e+02
9.765625000000000000e+02
1.000000000000000000e+03
9.921875000000000000e+02
9.531250000000000000e+02
9.648437500000000000e+02
9.921875000000000000e+02
1.007812500000000000e+03
9.492187500000000000e+02
9.531250000000000000e+02
9.531250000000000000e+02
9.531250000000000000e+02
1.000000000000000000e+03
9.765625000000000000e+02
1.011718750000000000e+03
9.921875000000000000e+02
9.921875000000000000e+02
9.687500000000000000e+02
9.335937500000000000e+02
9.296875000000000000e+02
9.218750000000000000e+02
9.296875000000000000e+02
9.023437500000000000e+02
8.515625000000000000e+02
8.945312500000000000e+02
9.687500000000000000e+02
9.023437500000000000e+02
9.179687500000000000e+02
9.218750000000000000e+02
8.750000000000000000e+02
8.164062500000000000e+02
9.023437500000000000e+02
9.609375000000000000e+02
9.648437500000000000e+02
9.765625000000000000e+02
9.687500000000000000e+02
9.218750000000000000e+02
9.648437500000000000e+02
9.687500000000000000e+02
9.765625000000000000e+02
9.453125000000000000e+02
9.453125000000000000e+02
9.531250000000000000e+02
9.648437500000000000e+02
9.726562500000000000e+02
9.726562500000000000e+02
9.570312500000000000e+02
9.335937500000000000e+02
9.687500000000000000e+02
9.453125000000000000e+02
9.570312500000000000e+02
9.492187500000000000e+02
9.609375000000000000e+02
9.492187500000000000e+02
9.765625000000000000e+02
9.375000000000000000e+02
9.218750000000000000e+02
9.492187500000000000e+02
9.648437500000000000e+02
9.804687500000000000e+02
9.726562500000000000e+02
9.765625000000000000e+02
9.648437500000000000e+02
9.726562500000000000e+02
8.867187500000000000e+02
8.867187500000000000e+02
9.414062500000000000e+02
9.609375000000000000e+02
9.609375000000000000e+02
9.414062500000000000e+02
9.921875000000000000e+02
9.414062500000000000e+02
9.804687500000000000e+02
9.687500000000000000e+02
9.453125000000000000e+02
9.570312500000000000e+02
9.843750000000000000e+02
9.492187500000000000e+02
9.882812500000000000e+02
9.570312500000000000e+02
9.804687500000000000e+02
9.609375000000000000e+02
9.218750000000000000e+02
9.453125000000000000e+02
9.140625000000000000e+02
8.789062500000000000e+02
8.984375000000000000e+02
8.710937500000000000e+02
8.710937500000000000e+02
9.101562500000000000e+02
9.023437500000000000e+02
8.789062500000000000e+02
9.375000000000000000e+02
9.335937500000000000e+02
8.984375000000000000e+02
9.179687500000000000e+02
9.257812500000000000e+02
9.375000000000000000e+02
9.765625000000000000e+02
9.335937500000000000e+02
9.375000000000000000e+02
9.531250000000000000e+02
9.687500000000000000e+02
9.453125000000000000e+02
9.570312500000000000e+02
9.570312500000000000e+02
9.570312500000000000e+02
9.648437500000000000e+02
9.570312500000000000e+02
9.765625000000000000e+02
9.648437500000000000e+02
9.414062500000000000e+02
9.531250000000000000e+02
9.765625000000000000e+02
9.531250000000000000e+02
9.257812500000000000e+02
9.335937500000000000e+02
9.882812500000000000e+02
9.648437500000000000e+02
9.609375000000000000e+02
9.687500000000000000e+02
9.882812500000000000e+02
9.726562500000000000e+02
9.531250000000000000e+02
9.960937500000000000e+02
9.765625000000000000e+02
9.257812500000000000e+02
9.140625000000000000e+02
9.492187500000000000e+02
9.609375000000000000e+02
9.101562500000000000e+02
9.648437500000000000e+02
9.960937500000000000e+02
1.976562500000000000e+03
2.898437500000000000e+03
9.101562500000000000e+02
9.335937500000000000e+02
