1.246093750000000000e+03
1.195312500000000000e+03
7.226562500000000000e+02
1.011718750000000000e+03
6.718750000000000000e+02
7.148437500000000000e+02
7.695312500000000000e+02
8.007812500000000000e+02
8.320312500000000000e+02
8.164062500000000000e+02
8.515625000000000000e+02
9.140625000000000000e+02
8.828125000000000000e+02
8.515625000000000000e+02
9.062500000000000000e+02
1.257812500000000000e+03
6.718750000000000000e+02
7.460937500000000000e+02
9.023437500000000000e+02
9.492187500000000000e+02
9.687500000000000000e+02
9.648437500000000000e+02
9.843750000000000000e+02
9.179687500000000000e+02
9.843750000000000000e+02
9.531250000000000000e+02
1.261718750000000000e+03
6.679687500000000000e+02
9.843750000000000000e+02
9.687500000000000000e+02
9.140625000000000000e+02
9.335937500000000000e+02
9.492187500000000000e+02
1.050781250000000000e+03
8.632812500000000000e+02
8.437500000000000000e+02
8.476562500000000000e+02
8.906250000000000000e+02
1.253906250000000000e+03
9.531250000000000000e+02
1.195312500000000000e+03
8.164062500000000000e+02
8.359375000000000000e+02
1.058593750000000000e+03
9.648437500000000000e+02
7.890625000000000000e+02
1.199218750000000000e+03
8.828125000000000000e+02
6.953125000000000000e+02
1.292968750000000000e+03
6.679687500000000000e+02
1.226562500000000000e+03
1.484375000000000000e+03
9.726562500000000000e+02
9.023437500000000000e+02
1.234375000000000000e+03
1.066406250000000000e+03
6.992187500000000000e+02
9.843750000000000000e+02
1.292968750000000000e+03
7.734375000000000000e+02
9.492187500000000000e+02
8.046875000000000000e+02
8.632812500000000000e+02
8.320312500000000000e+02
1.000000000000000000e+03
9.414062500000000000e+02
8.242187500000000000e+02
9.414062500000000000e+02
1.015625000000000000e+03
9.101562500000000000e+02
7.812500000000000000e+02
1.031250000000000000e+03
8.867187500000000000e+02
9.140625000000000000e+02
8.203125000000000000e+02
1.210937500000000000e+03
1.468750000000000000e+03
8.164062500000000000e+02
9.179687500000000000e+02
9.296875000000000000e+02
8.984375000000000000e+02
1.015625000000000000e+03
8.632812500000000000e+02
4.441406250000000000e+03
1.339843750000000000e+03
6.679687500000000000e+02
6.992187500000000000e+02
7.070312500000000000e+02
1.046875000000000000e+03
7.070312500000000000e+02
1.128906250000000000e+03
8.515625000000000000e+02
1.070312500000000000e+03
8.945312500000000000e+02
9.726562500000000000e+02
9.296875000000000000e+02
9.218750000000000000e+02
1.765625000000000000e+03
1.167968750000000000e+03
6.757812500000000000e+02
9.218750000000000000e+02
8.789062500000000000e+02
1.148437500000000000e+03
9.375000000000000000e+02
9.453125000000000000e+02
9.335937500000000000e+02
9.531250000000000000e+02
9.804687500000000000e+02
6.679687500000000000e+02
6.992187500000000000e+02
8.984375000000000000e+02
7.695312500000000000e+02
8.046875000000000000e+02
9.570312500000000000e+02
7.109375000000000000e+02
1.187500000000000000e+03
8.515625000000000000e+02
7.343750000000000000e+02
6.679687500000000000e+02
1.050781250000000000e+03
6.835937500000000000e+02
6.757812500000000000e+02
1.042968750000000000e+03
1.097656250000000000e+03
8.046875000000000000e+02
1.304687500000000000e+03
7.734375000000000000e+02
6.679687500000000000e+02
1.093750000000000000e+03
8.203125000000000000e+02
1.277343750000000000e+03
8.515625000000000000e+02
1.035156250000000000e+03
1.230468750000000000e+03
8.398437500000000000e+02
8.750000000000000000e+02
9.023437500000000000e+02
8.671875000000000000e+02
8.984375000000000000e+02
8.320312500000000000e+02
8.476562500000000000e+02
9.023437500000000000e+02
9.179687500000000000e+02
9.375000000000000000e+02
9.218750000000000000e+02
9.140625000000000000e+02
8.242187500000000000e+02
8.164062500000000000e+02
8.867187500000000000e+02
9.101562500000000000e+02
9.531250000000000000e+02
8.828125000000000000e+02
8.007812500000000000e+02
1.148437500000000000e+03
1.433593750000000000e+03
9.140625000000000000e+02
9.335937500000000000e+02
9.687500000000000000e+02
8.632812500000000000e+02
9.492187500000000000e+02
9.492187500000000000e+02
8.828125000000000000e+02
9.531250000000000000e+02
8.945312500000000000e+02
8.515625000000000000e+02
9.648437500000000000e+02
9.492187500000000000e+02
8.984375000000000000e+02
8.671875000000000000e+02
9.335937500000000000e+02
1.035156250000000000e+03
9.960937500000000000e+02
1.050781250000000000e+03
1.039062500000000000e+03
9.765625000000000000e+02
1.054687500000000000e+03
1.011718750000000000e+03
9.101562500000000000e+02
8.515625000000000000e+02
7.890625000000000000e+02
9.218750000000000000e+02
7.343750000000000000e+02
7.109375000000000000e+02
1.515625000000000000e+03
6.875000000000000000e+02
8.710937500000000000e+02
1.042968750000000000e+03
