6.875000000000000000e+02
6.718750000000000000e+02
6.796875000000000000e+02
6.953125000000000000e+02
6.718750000000000000e+02
8.554687500000000000e+02
8.554687500000000000e+02
1.382812500000000000e+03
8.750000000000000000e+02
9.023437500000000000e+02
1.070312500000000000e+03
1.269531250000000000e+03
6.679687500000000000e+02
2.554687500000000000e+03
8.085937500000000000e+02
1.707031250000000000e+03
1.277343750000000000e+03
1.281250000000000000e+03
1.300781250000000000e+03
6.718750000000000000e+02
6.679687500000000000e+02
6.992187500000000000e+02
6.992187500000000000e+02
7.187500000000000000e+02
6.835937500000000000e+02
7.031250000000000000e+02
6.953125000000000000e+02
7.031250000000000000e+02
6.914062500000000000e+02
6.953125000000000000e+02
2.742187500000000000e+03
6.914062500000000000e+02
6.992187500000000000e+02
7.148437500000000000e+02
2.222656250000000000e+03
7.421875000000000000e+02
1.214843750000000000e+03
9.687500000000000000e+02
7.226562500000000000e+02
7.109375000000000000e+02
7.109375000000000000e+02
9.218750000000000000e+02
1.175781250000000000e+03
6.718750000000000000e+02
2.000000000000000000e+03
1.910156250000000000e+03
1.281250000000000000e+03
6.679687500000000000e+02
7.226562500000000000e+02
7.578125000000000000e+02
1.691406250000000000e+03
8.398437500000000000e+02
8.632812500000000000e+02
1.050781250000000000e+03
2.007812500000000000e+03
7.382812500000000000e+02
6.953125000000000000e+02
6.796875000000000000e+02
6.757812500000000000e+02
1.320312500000000000e+03
1.414062500000000000e+03
1.128906250000000000e+03
9.335937500000000000e+02
9.726562500000000000e+02
1.894531250000000000e+03
1.292968750000000000e+03
1.105468750000000000e+03
8.554687500000000000e+02
1.292968750000000000e+03
8.437500000000000000e+02
1.718750000000000000e+03
1.277343750000000000e+03
7.460937500000000000e+02
6.679687500000000000e+02
1.332031250000000000e+03
1.312500000000000000e+03
9.453125000000000000e+02
9.531250000000000000e+02
1.277343750000000000e+03
1.164062500000000000e+03
1.421875000000000000e+03
1.296875000000000000e+03
1.046875000000000000e+03
1.527343750000000000e+03
1.125000000000000000e+03
7.428515625000000000e+04
7.382812500000000000e+02
1.214843750000000000e+03
7.070312500000000000e+02
9.218750000000000000e+02
7.031250000000000000e+02
6.796875000000000000e+02
8.984375000000000000e+02
1.246093750000000000e+03
6.875000000000000000e+02
8.085937500000000000e+02
7.968750000000000000e+02
6.757812500000000000e+02
8.398437500000000000e+02
1.304687500000000000e+03
7.382812500000000000e+02
7.343750000000000000e+02
1.332031250000000000e+03
8.906250000000000000e+02
2.000000000000000000e+03
7.656250000000000000e+02
7.851562500000000000e+02
8.125000000000000000e+02
6.757812500000000000e+02
1.109375000000000000e+03
7.343750000000000000e+02
7.421875000000000000e+02
8.242187500000000000e+02
8.945312500000000000e+02
1.320312500000000000e+03
1.101562500000000000e+03
1.832031250000000000e+03
7.500000000000000000e+02
1.152343750000000000e+03
7.031250000000000000e+02
7.187500000000000000e+02
7.031250000000000000e+02
7.226562500000000000e+02
7.148437500000000000e+02
7.109375000000000000e+02
6.953125000000000000e+02
6.757812500000000000e+02
9.648437500000000000e+02
1.019531250000000000e+03
1.335937500000000000e+03
7.304687500000000000e+02
7.343750000000000000e+02
7.617187500000000000e+02
7.656250000000000000e+02
7.460937500000000000e+02
7.382812500000000000e+02
7.187500000000000000e+02
7.812500000000000000e+02
9.453125000000000000e+02
1.640625000000000000e+03
6.448437500000000000e+04
1.292968750000000000e+03
1.140625000000000000e+03
9.101562500000000000e+02
7.812500000000000000e+02
1.089843750000000000e+03
7.031250000000000000e+02
1.148437500000000000e+03
9.570312500000000000e+02
6.992187500000000000e+02
6.796875000000000000e+02
1.347656250000000000e+03
9.804687500000000000e+02
1.058593750000000000e+03
7.304687500000000000e+02
8.085937500000000000e+02
8.867187500000000000e+02
7.382812500000000000e+02
1.324218750000000000e+03
7.226562500000000000e+02
1.523437500000000000e+03
9.257812500000000000e+02
8.398437500000000000e+02
9.765625000000000000e+02
8.437500000000000000e+02
1.207031250000000000e+03
6.914062500000000000e+02
6.992187500000000000e+02
6.992187500000000000e+02
1.300781250000000000e+03
7.617187500000000000e+02
6.953125000000000000e+02
6.835937500000000000e+02
6.953125000000000000e+02
6.757812500000000000e+02
1.148437500000000000e+03
1.617187500000000000e+03
9.765625000000000000e+02
6.914062500000000000e+02
7.070312500000000000e+02
6.679687500000000000e+02
1.128906250000000000e+03
2.093750000000000000e+03
8.750000000000000000e+02
1.550781250000000000e+03
1.277343750000000000e+03
7.148437500000000000e+02
7.851562500000000000e+02
1.890625000000000000e+03
9.062500000000000000e+02
9.687500000000000000e+02
1.222656250000000000e+03
1.292968750000000000e+03
8.437500000000000000e+02
7.226562500000000000e+02
7.148437500000000000e+02
1.410156250000000000e+03
9.531250000000000000e+02
1.093750000000000000e+03
6.679687500000000000e+02
6.757812500000000000e+02
6.796875000000000000e+02
6.835937500000000000e+02
8.789062500000000000e+02
1.140625000000000000e+03
1.378906250000000000e+03
1.148437500000000000e+03
9.257812500000000000e+02
6.914062500000000000e+02
1.117187500000000000e+03
7.773437500000000000e+02
9.492187500000000000e+02
7.578125000000000000e+02
1.101562500000000000e+03
1.183593750000000000e+03
7.265625000000000000e+02
1.785156250000000000e+03
7.656250000000000000e+02
1.128906250000000000e+03
6.718750000000000000e+02
1.628906250000000000e+03
7.187500000000000000e+02
7.070312500000000000e+02
