7.109375000000000000e+02
1.031250000000000000e+03
1.164062500000000000e+03
6.992187500000000000e+02
6.796875000000000000e+02
6.757812500000000000e+02
8.945312500000000000e+02
1.074218750000000000e+03
1.269531250000000000e+03
1.328125000000000000e+03
1.328125000000000000e+03
1.582031250000000000e+03
1.027343750000000000e+03
6.757812500000000000e+02
6.796875000000000000e+02
7.187500000000000000e+02
6.835937500000000000e+02
6.679687500000000000e+02
9.453125000000000000e+02
8.359375000000000000e+02
7.734375000000000000e+02
1.648437500000000000e+03
8.828125000000000000e+02
1.699218750000000000e+03
1.265625000000000000e+03
8.437500000000000000e+02
1.226562500000000000e+03
6.914062500000000000e+02
1.902343750000000000e+03
1.312500000000000000e+03
7.148437500000000000e+02
1.007812500000000000e+03
8.945312500000000000e+02
1.191406250000000000e+03
7.148437500000000000e+02
9.492187500000000000e+02
7.500000000000000000e+02
1.402343750000000000e+03
8.789062500000000000e+02
1.039062500000000000e+03
9.453125000000000000e+02
7.812500000000000000e+02
1.382812500000000000e+03
1.140625000000000000e+03
1.523437500000000000e+03
1.050781250000000000e+03
1.335937500000000000e+03
7.148437500000000000e+02
9.492187500000000000e+02
7.070312500000000000e+02
1.144531250000000000e+03
8.828125000000000000e+02
9.726562500000000000e+02
7.148437500000000000e+02
9.062500000000000000e+02
7.343750000000000000e+02
7.617187500000000000e+02
6.914062500000000000e+02
7.539062500000000000e+02
7.343750000000000000e+02
1.589843750000000000e+03
6.992187500000000000e+02
1.093750000000000000e+03
7.617187500000000000e+02
8.867187500000000000e+02
1.574218750000000000e+03
7.617187500000000000e+02
1.039062500000000000e+03
1.042968750000000000e+03
7.187500000000000000e+02
1.199218750000000000e+03
8.906250000000000000e+02
6.914062500000000000e+02
1.000000000000000000e+03
9.414062500000000000e+02
9.414062500000000000e+02
7.812500000000000000e+02
1.250000000000000000e+03
1.265625000000000000e+03
1.312500000000000000e+03
7.265625000000000000e+02
6.835937500000000000e+02
6.718750000000000000e+02
6.757812500000000000e+02
6.679687500000000000e+02
6.953125000000000000e+02
1.304687500000000000e+03
6.757812500000000000e+02
1.921875000000000000e+03
7.187500000000000000e+02
6.679687500000000000e+02
7.500000000000000000e+02
7.109375000000000000e+02
7.382812500000000000e+02
8.007812500000000000e+02
7.578125000000000000e+02
7.617187500000000000e+02
7.734375000000000000e+02
7.304687500000000000e+02
6.835937500000000000e+02
6.835937500000000000e+02
1.105468750000000000e+03
1.078125000000000000e+03
7.421875000000000000e+02
7.578125000000000000e+02
1.339843750000000000e+03
6.835937500000000000e+02
1.871093750000000000e+03
8.906250000000000000e+02
1.199218750000000000e+03
1.054687500000000000e+03
9.296875000000000000e+02
6.914062500000000000e+02
9.804687500000000000e+02
9.726562500000000000e+02
1.328125000000000000e+03
1.136718750000000000e+03
1.152343750000000000e+03
1.089843750000000000e+03
1.105468750000000000e+03
8.515625000000000000e+02
8.750000000000000000e+02
1.179687500000000000e+03
7.226562500000000000e+02
1.253906250000000000e+03
6.796875000000000000e+02
8.281250000000000000e+02
1.308593750000000000e+03
6.953125000000000000e+02
1.402343750000000000e+03
1.757812500000000000e+03
9.179687500000000000e+02
9.648437500000000000e+02
7.421875000000000000e+02
1.210937500000000000e+03
9.687500000000000000e+02
1.417968750000000000e+03
7.539062500000000000e+02
8.125000000000000000e+02
8.554687500000000000e+02
8.789062500000000000e+02
9.101562500000000000e+02
1.117187500000000000e+03
1.335937500000000000e+03
1.250000000000000000e+03
7.773437500000000000e+02
7.890625000000000000e+02
6.914062500000000000e+02
1.210937500000000000e+03
1.085937500000000000e+03
1.258203125000000000e+04
9.609375000000000000e+02
1.921875000000000000e+03
5.625000000000000000e+03
1.105468750000000000e+03
1.269531250000000000e+03
7.109375000000000000e+02
1.203125000000000000e+03
7.710937500000000000e+03
1.738281250000000000e+03
1.109375000000000000e+03
1.410156250000000000e+03
8.476562500000000000e+02
1.324218750000000000e+03
2.890625000000000000e+03
7.617187500000000000e+02
9.296875000000000000e+02
9.140625000000000000e+02
8.789062500000000000e+02
1.050781250000000000e+03
1.914062500000000000e+03
6.835937500000000000e+02
8.906250000000000000e+02
1.660156250000000000e+03
7.304687500000000000e+02
1.132812500000000000e+03
7.812500000000000000e+02
7.343750000000000000e+02
7.500000000000000000e+02
7.812500000000000000e+02
1.199218750000000000e+03
1.417968750000000000e+03
7.695312500000000000e+02
1.105468750000000000e+03
7.343750000000000000e+02
1.335937500000000000e+03
1.140625000000000000e+03
1.562500000000000000e+03
9.414062500000000000e+02
8.203125000000000000e+02
7.187500000000000000e+02
8.281250000000000000e+02
1.031250000000000000e+03
1.410156250000000000e+03
2.648437500000000000e+03
9.062500000000000000e+02
7.890625000000000000e+02
4.500000000000000000e+03
1.289062500000000000e+03
8.125000000000000000e+02
7.304687500000000000e+02
8.554687500000000000e+02
1.289062500000000000e+03
8.281250000000000000e+02
7.578125000000000000e+02
1.535156250000000000e+03
1.363281250000000000e+03
1.851562500000000000e+03
1.593750000000000000e+03
1.164062500000000000e+03
2.035156250000000000e+03
9.375000000000000000e+02
4.566406250000000000e+03
1.175781250000000000e+03
8.046875000000000000e+02
1.304687500000000000e+03
1.351562500000000000e+03
9.453125000000000000e+02
7.148437500000000000e+02
6.796875000000000000e+02
6.914062500000000000e+02
7.851562500000000000e+02
7.617187500000000000e+02
7.539062500000000000e+02
7.968750000000000000e+02
1.570312500000000000e+03
7.187500000000000000e+02
7.343750000000000000e+02
1.378906250000000000e+03
1.273437500000000000e+03
6.875000000000000000e+02
1.953125000000000000e+03
2.519531250000000000e+03
5.769531250000000000e+03
1.074218750000000000e+03
4.277343750000000000e+03
1.343750000000000000e+03
1.812500000000000000e+03
1.609375000000000000e+03
8.945312500000000000e+02
2.558593750000000000e+03
6.605468750000000000e+03
1.023437500000000000e+03
1.164062500000000000e+03
7.265625000000000000e+02
6.953125000000000000e+02
1.117187500000000000e+03
7.343750000000000000e+02
1.199218750000000000e+03
8.828125000000000000e+02
9.492187500000000000e+02
1.144531250000000000e+03
8.632812500000000000e+02
8.515625000000000000e+02
6.953125000000000000e+02
7.773437500000000000e+02
1.164062500000000000e+03
