1.082031250000000000e+03
6.671875000000000000e+03
3.554687500000000000e+03
9.531250000000000000e+02
1.089843750000000000e+03
1.718750000000000000e+03
7.656250000000000000e+02
6.835937500000000000e+02
1.738281250000000000e+03
9.648437500000000000e+02
2.449218750000000000e+03
1.285156250000000000e+03
7.851562500000000000e+02
1.820312500000000000e+03
1.140625000000000000e+03
5.019531250000000000e+03
1.761718750000000000e+03
7.734375000000000000e+02
1.182421875000000000e+04
1.198828125000000000e+04
1.691406250000000000e+03
7.343750000000000000e+02
8.398437500000000000e+02
1.058593750000000000e+03
5.453125000000000000e+03
4.152343750000000000e+03
8.242187500000000000e+02
6.835937500000000000e+02
8.710937500000000000e+02
6.796875000000000000e+02
7.226562500000000000e+02
7.500000000000000000e+02
6.953125000000000000e+02
7.031250000000000000e+02
1.496093750000000000e+03
1.097656250000000000e+03
7.539062500000000000e+02
1.339843750000000000e+03
9.781250000000000000e+03
8.046875000000000000e+02
1.062500000000000000e+03
8.906250000000000000e+02
8.828125000000000000e+02
1.042968750000000000e+03
2.242578125000000000e+04
8.515625000000000000e+02
9.023437500000000000e+02
1.937500000000000000e+03
8.945312500000000000e+02
8.789062500000000000e+02
7.617187500000000000e+02
5.253906250000000000e+03
8.031250000000000000e+03
7.929687500000000000e+02
6.712109375000000000e+04
1.101562500000000000e+03
1.226562500000000000e+03
7.460937500000000000e+02
7.148437500000000000e+02
1.937500000000000000e+03
1.046875000000000000e+03
7.929687500000000000e+02
2.195312500000000000e+03
6.718750000000000000e+02
2.238281250000000000e+03
2.558593750000000000e+03
8.148437500000000000e+03
7.460937500000000000e+02
1.152343750000000000e+03
1.808593750000000000e+03
