8.320312500000000000e+02
8.007812500000000000e+02
8.515625000000000000e+02
8.320312500000000000e+02
7.695312500000000000e+02
8.320312500000000000e+02
8.320312500000000000e+02
8.007812500000000000e+02
8.710937500000000000e+02
8.632812500000000000e+02
8.515625000000000000e+02
8.828125000000000000e+02
8.515625000000000000e+02
8.320312500000000000e+02
8.828125000000000000e+02
8.671875000000000000e+02
8.359375000000000000e+02
8.828125000000000000e+02
8.320312500000000000e+02
8.515625000000000000e+02
8.671875000000000000e+02
8.632812500000000000e+02
8.671875000000000000e+02
9.179687500000000000e+02
9.179687500000000000e+02
9.140625000000000000e+02
9.531250000000000000e+02
9.492187500000000000e+02
8.984375000000000000e+02
9.531250000000000000e+02
8.671875000000000000e+02
8.828125000000000000e+02
8.984375000000000000e+02
8.164062500000000000e+02
8.515625000000000000e+02
8.515625000000000000e+02
1.113281250000000000e+03
1.222656250000000000e+03
9.960937500000000000e+02
1.488281250000000000e+03
7.773437500000000000e+02
7.695312500000000000e+02
7.812500000000000000e+02
1.125000000000000000e+03
7.421875000000000000e+02
1.269531250000000000e+03
7.695312500000000000e+02
9.375000000000000000e+02
7.343750000000000000e+02
6.718750000000000000e+02
6.875000000000000000e+02
7.773437500000000000e+02
8.671875000000000000e+02
6.191406250000000000e+03
9.257812500000000000e+02
8.945312500000000000e+02
1.808593750000000000e+03
9.101562500000000000e+02
8.789062500000000000e+02
7.890625000000000000e+02
7.812500000000000000e+02
7.851562500000000000e+02
8.320312500000000000e+02
8.164062500000000000e+02
8.125000000000000000e+02
1.722656250000000000e+03
8.515625000000000000e+02
8.828125000000000000e+02
8.828125000000000000e+02
8.671875000000000000e+02
8.164062500000000000e+02
1.734375000000000000e+03
9.257812500000000000e+02
6.914062500000000000e+02
8.007812500000000000e+02
1.550781250000000000e+03
7.773437500000000000e+02
1.355468750000000000e+03
9.531250000000000000e+02
8.320312500000000000e+02
6.679687500000000000e+02
7.656250000000000000e+02
7.343750000000000000e+02
7.656250000000000000e+02
7.812500000000000000e+02
7.539062500000000000e+02
7.500000000000000000e+02
7.812500000000000000e+02
1.035156250000000000e+03
8.945312500000000000e+02
1.421875000000000000e+03
8.632812500000000000e+02
5.496875000000000000e+04
6.953125000000000000e+02
8.164062500000000000e+02
8.164062500000000000e+02
7.851562500000000000e+02
9.335937500000000000e+02
8.007812500000000000e+02
7.148437500000000000e+02
8.007812500000000000e+02
8.164062500000000000e+02
8.867187500000000000e+02
6.796875000000000000e+02
1.000000000000000000e+03
