7.031250000000000000e+02
7.148437500000000000e+02
7.226562500000000000e+02
7.265625000000000000e+02
6.953125000000000000e+02
7.500000000000000000e+02
7.773437500000000000e+02
7.851562500000000000e+02
7.109375000000000000e+02
6.835937500000000000e+02
7.070312500000000000e+02
7.656250000000000000e+02
8.203125000000000000e+02
7.851562500000000000e+02
7.500000000000000000e+02
8.867187500000000000e+02
8.906250000000000000e+02
8.281250000000000000e+02
7.460937500000000000e+02
7.070312500000000000e+02
7.734375000000000000e+02
8.085937500000000000e+02
7.812500000000000000e+02
7.460937500000000000e+02
7.109375000000000000e+02
7.343750000000000000e+02
7.421875000000000000e+02
7.343750000000000000e+02
7.031250000000000000e+02
6.835937500000000000e+02
6.992187500000000000e+02
7.851562500000000000e+02
6.953125000000000000e+02
1.257812500000000000e+03
1.828125000000000000e+03
1.218750000000000000e+03
2.484375000000000000e+03
1.175781250000000000e+03
1.734375000000000000e+03
1.160156250000000000e+03
1.167968750000000000e+03
1.789062500000000000e+03
2.386718750000000000e+03
1.199218750000000000e+03
1.195312500000000000e+03
1.796875000000000000e+03
1.858984375000000000e+04
4.320312500000000000e+03
1.210937500000000000e+03
1.792968750000000000e+03
1.195312500000000000e+03
1.199218750000000000e+03
1.781250000000000000e+03
1.199218750000000000e+03
1.167968750000000000e+03
1.753906250000000000e+03
1.804687500000000000e+03
1.203125000000000000e+03
5.527343750000000000e+03
1.234375000000000000e+03
1.843750000000000000e+03
1.812500000000000000e+03
1.199218750000000000e+03
1.804687500000000000e+03
1.246093750000000000e+03
1.230468750000000000e+03
3.003906250000000000e+03
1.187500000000000000e+03
1.222656250000000000e+03
1.226562500000000000e+03
1.214843750000000000e+03
1.789062500000000000e+03
1.796875000000000000e+03
1.199218750000000000e+03
1.218750000000000000e+03
1.812500000000000000e+03
1.773437500000000000e+03
1.164062500000000000e+03
1.699218750000000000e+03
1.148437500000000000e+03
1.742187500000000000e+03
1.152343750000000000e+03
1.164062500000000000e+03
1.191406250000000000e+03
1.773437500000000000e+03
1.203125000000000000e+03
1.191406250000000000e+03
1.167968750000000000e+03
1.777343750000000000e+03
1.191406250000000000e+03
1.187500000000000000e+03
1.210937500000000000e+03
1.199218750000000000e+03
1.160156250000000000e+03
1.128906250000000000e+03
1.718750000000000000e+03
1.761718750000000000e+03
1.164062500000000000e+03
1.136718750000000000e+03
1.144531250000000000e+03
1.156250000000000000e+03
1.167968750000000000e+03
1.140625000000000000e+03
1.179687500000000000e+03
1.160156250000000000e+03
1.800781250000000000e+03
1.246093750000000000e+03
1.839843750000000000e+03
5.441406250000000000e+03
1.210937500000000000e+03
1.214843750000000000e+03
1.167968750000000000e+03
1.769531250000000000e+03
1.195312500000000000e+03
1.792968750000000000e+03
1.167968750000000000e+03
1.187500000000000000e+03
1.156250000000000000e+03
1.210937500000000000e+03
1.203125000000000000e+03
1.203125000000000000e+03
1.214843750000000000e+03
1.730468750000000000e+03
1.132812500000000000e+03
1.652343750000000000e+03
3.089843750000000000e+03
1.203125000000000000e+03
1.156250000000000000e+03
1.152343750000000000e+03
1.160156250000000000e+03
1.152343750000000000e+03
1.769531250000000000e+03
1.777343750000000000e+03
1.191406250000000000e+03
1.210937500000000000e+03
1.195312500000000000e+03
1.187500000000000000e+03
1.230468750000000000e+03
1.191406250000000000e+03
1.214843750000000000e+03
1.171875000000000000e+03
1.148437500000000000e+03
1.781250000000000000e+03
1.785156250000000000e+03
1.195312500000000000e+03
1.207031250000000000e+03
1.800781250000000000e+03
1.171875000000000000e+03
1.742187500000000000e+03
1.769531250000000000e+03
1.214843750000000000e+03
1.210937500000000000e+03
1.210937500000000000e+03
1.160156250000000000e+03
1.183593750000000000e+03
1.128906250000000000e+03
1.132812500000000000e+03
1.113281250000000000e+03
1.691406250000000000e+03
1.195312500000000000e+03
1.210937500000000000e+03
1.234375000000000000e+03
1.210937500000000000e+03
1.164062500000000000e+03
1.164062500000000000e+03
6.796875000000000000e+02
1.058593750000000000e+03
1.699218750000000000e+03
2.164062500000000000e+03
2.263281250000000000e+04
1.839843750000000000e+03
1.839843750000000000e+03
1.800781250000000000e+03
1.187500000000000000e+03
1.167968750000000000e+03
3.980468750000000000e+03
8.007812500000000000e+02
2.199609375000000000e+04
1.699218750000000000e+03
2.945312500000000000e+03
1.855468750000000000e+03
1.496093750000000000e+03
9.453125000000000000e+02
1.824218750000000000e+03
1.214843750000000000e+03
1.280468750000000000e+04
1.808593750000000000e+03
1.131171875000000000e+05
4.460937500000000000e+03
1.037890625000000000e+04
6.757812500000000000e+02
7.031250000000000000e+02
1.976562500000000000e+03
1.737500000000000000e+04
4.484375000000000000e+03
1.882812500000000000e+03
1.812500000000000000e+03
1.203125000000000000e+03
1.234375000000000000e+03
1.851562500000000000e+03
1.284375000000000000e+04
1.253906250000000000e+03
1.234375000000000000e+03
1.238281250000000000e+03
1.226562500000000000e+03
2.375000000000000000e+03
1.175781250000000000e+03
1.144531250000000000e+03
1.156250000000000000e+03
1.722656250000000000e+03
3.460937500000000000e+03
2.433593750000000000e+03
9.097656250000000000e+03
3.691406250000000000e+03
1.800781250000000000e+03
1.210937500000000000e+03
1.207031250000000000e+03
1.792968750000000000e+03
1.812500000000000000e+03
1.207031250000000000e+03
1.195312500000000000e+03
1.195312500000000000e+03
1.191406250000000000e+03
1.179687500000000000e+03
4.718750000000000000e+03
6.679687500000000000e+02
1.355859375000000000e+04
5.230468750000000000e+03
6.757812500000000000e+02
1.933593750000000000e+03
1.273437500000000000e+03
1.949218750000000000e+03
1.277343750000000000e+03
1.269531250000000000e+03
1.269531250000000000e+03
1.246093750000000000e+03
4.332031250000000000e+04
1.078906250000000000e+04
1.824218750000000000e+03
1.207031250000000000e+03
1.234375000000000000e+03
1.824218750000000000e+03
1.851562500000000000e+03
9.285937500000000000e+04
1.703125000000000000e+03
1.753906250000000000e+03
1.191406250000000000e+03
1.792968750000000000e+03
1.222656250000000000e+03
1.234375000000000000e+03
1.179687500000000000e+03
2.347656250000000000e+03
1.171875000000000000e+03
1.199218750000000000e+03
1.191406250000000000e+03
1.175781250000000000e+03
3.204687500000000000e+04
1.304687500000000000e+03
1.261718750000000000e+03
1.855468750000000000e+03
1.203125000000000000e+03
7.890625000000000000e+02
1.050781250000000000e+03
6.800781250000000000e+03
1.843750000000000000e+03
1.929687500000000000e+03
1.312500000000000000e+03
1.285156250000000000e+03
1.292968750000000000e+03
1.269531250000000000e+03
1.230468750000000000e+03
1.871093750000000000e+03
