6.718750000000000000e+02
6.796875000000000000e+02
6.914062500000000000e+02
6.953125000000000000e+02
6.796875000000000000e+02
6.914062500000000000e+02
7.460937500000000000e+02
7.070312500000000000e+02
6.796875000000000000e+02
1.285156250000000000e+03
6.796875000000000000e+02
7.265625000000000000e+02
7.929687500000000000e+02
7.500000000000000000e+02
7.187500000000000000e+02
6.757812500000000000e+02
1.332031250000000000e+03
6.875000000000000000e+02
1.343750000000000000e+03
6.953125000000000000e+02
6.875000000000000000e+02
7.460937500000000000e+02
7.265625000000000000e+02
6.875000000000000000e+02
6.679687500000000000e+02
6.835937500000000000e+02
7.109375000000000000e+02
7.031250000000000000e+02
7.187500000000000000e+02
7.109375000000000000e+02
6.953125000000000000e+02
6.992187500000000000e+02
7.812500000000000000e+02
7.812500000000000000e+02
7.617187500000000000e+02
7.539062500000000000e+02
6.992187500000000000e+02
6.757812500000000000e+02
6.679687500000000000e+02
6.835937500000000000e+02
7.578125000000000000e+02
7.343750000000000000e+02
7.109375000000000000e+02
6.875000000000000000e+02
6.835937500000000000e+02
7.148437500000000000e+02
6.953125000000000000e+02
6.718750000000000000e+02
1.351562500000000000e+03
6.953125000000000000e+02
7.187500000000000000e+02
6.796875000000000000e+02
6.835937500000000000e+02
6.679687500000000000e+02
6.914062500000000000e+02
6.718750000000000000e+02
7.070312500000000000e+02
1.292968750000000000e+03
1.964843750000000000e+03
1.968750000000000000e+03
6.796875000000000000e+02
1.960937500000000000e+03
6.718750000000000000e+02
6.796875000000000000e+02
1.332031250000000000e+03
6.796875000000000000e+02
6.679687500000000000e+02
6.679687500000000000e+02
1.296875000000000000e+03
1.312500000000000000e+03
2.027343750000000000e+03
1.304687500000000000e+03
1.957031250000000000e+03
1.972656250000000000e+03
1.324218750000000000e+03
1.316406250000000000e+03
6.679687500000000000e+02
7.226562500000000000e+02
7.460937500000000000e+02
6.953125000000000000e+02
1.375000000000000000e+03
1.320312500000000000e+03
1.957031250000000000e+03
6.953125000000000000e+02
1.343750000000000000e+03
1.933593750000000000e+03
1.929687500000000000e+03
1.359375000000000000e+03
6.835937500000000000e+02
1.320312500000000000e+03
1.300781250000000000e+03
1.304687500000000000e+03
1.281250000000000000e+03
6.679687500000000000e+02
6.679687500000000000e+02
1.289062500000000000e+03
7.039062500000000000e+03
6.914062500000000000e+02
1.308593750000000000e+03
1.308593750000000000e+03
1.402343750000000000e+03
6.679687500000000000e+02
1.320312500000000000e+03
7.109375000000000000e+02
6.796875000000000000e+02
1.363281250000000000e+03
6.835937500000000000e+02
7.031250000000000000e+02
1.312500000000000000e+03
6.679687500000000000e+02
1.359375000000000000e+03
6.835937500000000000e+02
1.332031250000000000e+03
6.796875000000000000e+02
6.679687500000000000e+02
1.320312500000000000e+03
6.835937500000000000e+02
7.187500000000000000e+02
6.914062500000000000e+02
6.757812500000000000e+02
6.718750000000000000e+02
6.757812500000000000e+02
6.757812500000000000e+02
