8.085937500000000000e+02
7.968750000000000000e+02
8.632812500000000000e+02
8.750000000000000000e+02
8.632812500000000000e+02
8.750000000000000000e+02
8.554687500000000000e+02
8.125000000000000000e+02
8.671875000000000000e+02
9.062500000000000000e+02
9.023437500000000000e+02
9.101562500000000000e+02
9.570312500000000000e+02
9.335937500000000000e+02
8.906250000000000000e+02
9.414062500000000000e+02
9.101562500000000000e+02
8.671875000000000000e+02
8.789062500000000000e+02
9.023437500000000000e+02
8.398437500000000000e+02
8.554687500000000000e+02
9.335937500000000000e+02
9.570312500000000000e+02
8.632812500000000000e+02
9.218750000000000000e+02
9.062500000000000000e+02
8.906250000000000000e+02
9.414062500000000000e+02
9.531250000000000000e+02
8.906250000000000000e+02
9.414062500000000000e+02
9.570312500000000000e+02
9.218750000000000000e+02
9.648437500000000000e+02
9.257812500000000000e+02
8.593750000000000000e+02
9.140625000000000000e+02
9.257812500000000000e+02
8.789062500000000000e+02
8.984375000000000000e+02
9.375000000000000000e+02
9.218750000000000000e+02
8.710937500000000000e+02
9.453125000000000000e+02
9.570312500000000000e+02
9.140625000000000000e+02
9.453125000000000000e+02
9.375000000000000000e+02
8.828125000000000000e+02
8.984375000000000000e+02
8.945312500000000000e+02
8.789062500000000000e+02
8.593750000000000000e+02
9.179687500000000000e+02
9.296875000000000000e+02
9.023437500000000000e+02
9.257812500000000000e+02
9.335937500000000000e+02
9.023437500000000000e+02
9.257812500000000000e+02
9.648437500000000000e+02
8.867187500000000000e+02
8.632812500000000000e+02
1.382812500000000000e+03
1.179687500000000000e+03
7.851562500000000000e+02
9.296875000000000000e+02
7.031250000000000000e+02
9.179687500000000000e+02
1.257812500000000000e+03
8.242187500000000000e+02
1.535156250000000000e+03
9.335937500000000000e+02
7.460937500000000000e+02
1.066406250000000000e+03
1.128906250000000000e+03
6.796875000000000000e+02
8.945312500000000000e+02
8.476562500000000000e+02
8.867187500000000000e+02
8.437500000000000000e+02
1.507812500000000000e+03
1.066406250000000000e+03
9.453125000000000000e+02
1.125000000000000000e+03
1.039062500000000000e+03
1.402343750000000000e+03
9.023437500000000000e+02
6.718750000000000000e+02
1.109375000000000000e+03
9.375000000000000000e+02
7.070312500000000000e+02
9.257812500000000000e+02
8.554687500000000000e+02
7.031250000000000000e+02
1.027343750000000000e+03
8.437500000000000000e+02
8.828125000000000000e+02
8.593750000000000000e+02
8.593750000000000000e+02
8.710937500000000000e+02
8.789062500000000000e+02
8.398437500000000000e+02
1.160156250000000000e+03
1.457031250000000000e+03
8.593750000000000000e+02
8.554687500000000000e+02
8.398437500000000000e+02
1.507812500000000000e+03
1.054687500000000000e+03
8.476562500000000000e+02
7.773437500000000000e+02
9.687500000000000000e+02
1.316406250000000000e+03
7.500000000000000000e+02
1.425781250000000000e+03
1.367187500000000000e+03
1.789062500000000000e+03
8.945312500000000000e+02
1.515625000000000000e+03
1.730468750000000000e+03
9.453125000000000000e+02
1.195312500000000000e+03
8.242187500000000000e+02
9.257812500000000000e+02
1.343750000000000000e+03
1.183593750000000000e+03
7.539062500000000000e+02
1.636718750000000000e+03
1.410156250000000000e+03
6.796875000000000000e+02
9.609375000000000000e+02
8.398437500000000000e+02
1.046875000000000000e+03
7.773437500000000000e+02
6.796875000000000000e+02
1.378906250000000000e+03
7.421875000000000000e+02
7.695312500000000000e+02
1.445312500000000000e+03
1.105468750000000000e+03
1.660156250000000000e+03
1.394531250000000000e+03
7.890625000000000000e+02
8.398437500000000000e+02
1.449218750000000000e+03
1.808593750000000000e+03
1.046875000000000000e+03
9.726562500000000000e+02
7.617187500000000000e+02
1.281250000000000000e+03
