8.515625000000000000e+02
1.000000000000000000e+03
7.500000000000000000e+02
7.343750000000000000e+03
2.320312500000000000e+03
1.289062500000000000e+03
8.203125000000000000e+02
7.656250000000000000e+02
1.468750000000000000e+03
1.164062500000000000e+03
1.242187500000000000e+03
9.687500000000000000e+02
1.160156250000000000e+03
7.031250000000000000e+02
9.648437500000000000e+02
1.101562500000000000e+03
1.375000000000000000e+03
6.679687500000000000e+02
8.867187500000000000e+02
1.070312500000000000e+03
8.007812500000000000e+02
1.148437500000000000e+03
1.300781250000000000e+03
1.304687500000000000e+03
6.757812500000000000e+02
8.007812500000000000e+02
1.132812500000000000e+03
7.500000000000000000e+02
6.679687500000000000e+02
6.992187500000000000e+02
7.187500000000000000e+02
7.343750000000000000e+02
7.421875000000000000e+02
1.300781250000000000e+03
7.656250000000000000e+02
1.332031250000000000e+03
6.679687500000000000e+02
6.679687500000000000e+02
6.796875000000000000e+02
6.718750000000000000e+02
7.109375000000000000e+02
7.148437500000000000e+02
7.539062500000000000e+02
7.031250000000000000e+02
7.343750000000000000e+02
7.617187500000000000e+02
7.500000000000000000e+02
7.343750000000000000e+02
7.656250000000000000e+02
8.789062500000000000e+02
6.679687500000000000e+02
1.500000000000000000e+03
7.500000000000000000e+02
7.343750000000000000e+02
9.843750000000000000e+02
7.812500000000000000e+02
1.042968750000000000e+03
6.875000000000000000e+02
9.687500000000000000e+02
1.132812500000000000e+03
8.984375000000000000e+02
9.609375000000000000e+02
7.890625000000000000e+02
8.164062500000000000e+02
7.695312500000000000e+02
7.539062500000000000e+02
7.929687500000000000e+02
8.359375000000000000e+02
8.164062500000000000e+02
7.890625000000000000e+02
7.968750000000000000e+02
7.460937500000000000e+02
7.734375000000000000e+02
7.773437500000000000e+02
7.890625000000000000e+02
7.500000000000000000e+02
7.812500000000000000e+02
7.929687500000000000e+02
8.085937500000000000e+02
7.773437500000000000e+02
7.890625000000000000e+02
8.125000000000000000e+02
8.476562500000000000e+02
8.007812500000000000e+02
8.320312500000000000e+02
1.402343750000000000e+03
1.000000000000000000e+03
8.164062500000000000e+02
8.320312500000000000e+02
8.007812500000000000e+02
8.320312500000000000e+02
1.015625000000000000e+03
7.187500000000000000e+02
7.812500000000000000e+02
8.476562500000000000e+02
8.320312500000000000e+02
8.203125000000000000e+02
1.199218750000000000e+03
1.183593750000000000e+03
8.164062500000000000e+02
8.320312500000000000e+02
8.203125000000000000e+02
8.476562500000000000e+02
8.007812500000000000e+02
8.359375000000000000e+02
8.984375000000000000e+02
7.968750000000000000e+02
1.167968750000000000e+03
7.500000000000000000e+02
8.828125000000000000e+02
1.277343750000000000e+03
1.175781250000000000e+03
7.148437500000000000e+02
8.164062500000000000e+02
1.132812500000000000e+03
8.671875000000000000e+02
8.984375000000000000e+02
7.187500000000000000e+02
7.148437500000000000e+02
7.187500000000000000e+02
7.617187500000000000e+02
7.851562500000000000e+02
7.734375000000000000e+02
8.593750000000000000e+02
8.203125000000000000e+02
8.281250000000000000e+02
8.554687500000000000e+02
8.320312500000000000e+02
7.968750000000000000e+02
7.890625000000000000e+02
8.164062500000000000e+02
8.984375000000000000e+02
9.140625000000000000e+02
8.671875000000000000e+02
8.671875000000000000e+02
8.476562500000000000e+02
8.007812500000000000e+02
8.320312500000000000e+02
8.515625000000000000e+02
8.164062500000000000e+02
8.476562500000000000e+02
8.203125000000000000e+02
8.789062500000000000e+02
8.671875000000000000e+02
8.476562500000000000e+02
8.359375000000000000e+02
8.359375000000000000e+02
8.671875000000000000e+02
1.691406250000000000e+03
7.851562500000000000e+02
8.164062500000000000e+02
8.203125000000000000e+02
8.320312500000000000e+02
8.007812500000000000e+02
7.656250000000000000e+02
7.656250000000000000e+02
7.500000000000000000e+02
7.539062500000000000e+02
7.773437500000000000e+02
7.695312500000000000e+02
8.359375000000000000e+02
8.789062500000000000e+02
8.320312500000000000e+02
8.164062500000000000e+02
8.671875000000000000e+02
8.320312500000000000e+02
8.398437500000000000e+02
8.164062500000000000e+02
8.437500000000000000e+02
8.359375000000000000e+02
8.046875000000000000e+02
8.476562500000000000e+02
8.085937500000000000e+02
8.085937500000000000e+02
8.281250000000000000e+02
7.968750000000000000e+02
7.851562500000000000e+02
7.851562500000000000e+02
7.812500000000000000e+02
7.968750000000000000e+02
8.359375000000000000e+02
8.515625000000000000e+02
8.632812500000000000e+02
8.164062500000000000e+02
8.164062500000000000e+02
7.812500000000000000e+02
7.851562500000000000e+02
7.656250000000000000e+02
7.812500000000000000e+02
8.007812500000000000e+02
7.812500000000000000e+02
7.656250000000000000e+02
1.203125000000000000e+03
7.148437500000000000e+02
1.117187500000000000e+03
7.382812500000000000e+02
7.343750000000000000e+02
7.500000000000000000e+02
7.304687500000000000e+02
7.343750000000000000e+02
7.304687500000000000e+02
7.187500000000000000e+02
7.148437500000000000e+02
6.679687500000000000e+02
7.539062500000000000e+02
8.437500000000000000e+02
8.671875000000000000e+02
1.171875000000000000e+03
7.460937500000000000e+02
9.648437500000000000e+02
1.316406250000000000e+03
7.500000000000000000e+02
7.656250000000000000e+02
7.695312500000000000e+02
7.812500000000000000e+02
1.183593750000000000e+03
6.835937500000000000e+02
7.304687500000000000e+02
1.007812500000000000e+03
6.796875000000000000e+02
1.199218750000000000e+03
8.125000000000000000e+02
1.101562500000000000e+03
1.289062500000000000e+03
7.656250000000000000e+02
7.421875000000000000e+02
1.589843750000000000e+03
7.851562500000000000e+02
1.183593750000000000e+03
1.179687500000000000e+03
1.097656250000000000e+03
1.265625000000000000e+03
8.007812500000000000e+02
1.246093750000000000e+03
1.144531250000000000e+03
7.812500000000000000e+02
7.773437500000000000e+02
7.851562500000000000e+02
7.929687500000000000e+02
7.851562500000000000e+02
8.046875000000000000e+02
8.125000000000000000e+02
8.046875000000000000e+02
7.812500000000000000e+02
7.812500000000000000e+02
1.382812500000000000e+03
9.960937500000000000e+02
7.734375000000000000e+02
8.203125000000000000e+02
7.265625000000000000e+02
7.656250000000000000e+02
7.695312500000000000e+02
7.734375000000000000e+02
7.734375000000000000e+02
1.015625000000000000e+03
1.386718750000000000e+03
7.929687500000000000e+02
8.085937500000000000e+02
8.281250000000000000e+02
7.890625000000000000e+02
7.968750000000000000e+02
8.007812500000000000e+02
8.203125000000000000e+02
8.359375000000000000e+02
8.085937500000000000e+02
8.164062500000000000e+02
8.046875000000000000e+02
8.164062500000000000e+02
7.968750000000000000e+02
8.007812500000000000e+02
8.046875000000000000e+02
8.281250000000000000e+02
8.007812500000000000e+02
8.046875000000000000e+02
8.164062500000000000e+02
8.281250000000000000e+02
7.890625000000000000e+02
8.007812500000000000e+02
8.085937500000000000e+02
8.242187500000000000e+02
7.812500000000000000e+02
7.812500000000000000e+02
7.851562500000000000e+02
7.773437500000000000e+02
7.539062500000000000e+02
7.695312500000000000e+02
7.929687500000000000e+02
7.851562500000000000e+02
7.539062500000000000e+02
7.968750000000000000e+02
7.890625000000000000e+02
7.812500000000000000e+02
7.656250000000000000e+02
8.007812500000000000e+02
7.968750000000000000e+02
7.734375000000000000e+02
7.773437500000000000e+02
8.164062500000000000e+02
1.546875000000000000e+03
7.734375000000000000e+02
8.125000000000000000e+02
7.617187500000000000e+02
7.695312500000000000e+02
7.851562500000000000e+02
8.164062500000000000e+02
7.656250000000000000e+02
7.734375000000000000e+02
8.085937500000000000e+02
8.359375000000000000e+02
7.851562500000000000e+02
7.968750000000000000e+02
8.164062500000000000e+02
8.515625000000000000e+02
7.851562500000000000e+02
8.007812500000000000e+02
8.125000000000000000e+02
8.203125000000000000e+02
7.968750000000000000e+02
7.968750000000000000e+02
8.203125000000000000e+02
8.476562500000000000e+02
7.734375000000000000e+02
8.085937500000000000e+02
8.398437500000000000e+02
8.007812500000000000e+02
2.378906250000000000e+03
1.394531250000000000e+03
1.019531250000000000e+03
1.070312500000000000e+03
1.117187500000000000e+03
7.148437500000000000e+02
7.343750000000000000e+02
7.343750000000000000e+02
7.460937500000000000e+02
1.433593750000000000e+03
7.343750000000000000e+02
7.343750000000000000e+02
6.992187500000000000e+02
8.945312500000000000e+02
1.210937500000000000e+03
