6.875000000000000000e+02
6.796875000000000000e+02
6.718750000000000000e+02
6.757812500000000000e+02
6.718750000000000000e+02
6.679687500000000000e+02
6.875000000000000000e+02
6.875000000000000000e+02
6.835937500000000000e+02
6.914062500000000000e+02
6.835937500000000000e+02
6.796875000000000000e+02
6.835937500000000000e+02
6.835937500000000000e+02
6.835937500000000000e+02
6.757812500000000000e+02
6.718750000000000000e+02
1.332031250000000000e+03
1.992187500000000000e+03
6.718750000000000000e+02
6.757812500000000000e+02
6.835937500000000000e+02
6.796875000000000000e+02
6.953125000000000000e+02
1.406250000000000000e+03
7.148437500000000000e+02
1.484375000000000000e+03
7.539062500000000000e+02
7.656250000000000000e+02
2.937500000000000000e+03
2.863281250000000000e+03
1.496093750000000000e+03
3.804687500000000000e+03
1.144531250000000000e+03
1.066406250000000000e+03
1.449218750000000000e+03
1.425781250000000000e+03
1.453125000000000000e+03
7.226562500000000000e+02
7.460937500000000000e+02
7.656250000000000000e+02
1.523437500000000000e+03
7.773437500000000000e+02
7.773437500000000000e+02
7.734375000000000000e+02
8.867187500000000000e+02
6.835937500000000000e+02
7.421875000000000000e+02
7.382812500000000000e+02
7.500000000000000000e+02
7.382812500000000000e+02
7.421875000000000000e+02
7.617187500000000000e+02
7.500000000000000000e+02
7.500000000000000000e+02
7.617187500000000000e+02
3.242187500000000000e+03
8.359375000000000000e+02
8.359375000000000000e+02
1.710937500000000000e+03
8.359375000000000000e+02
3.417968750000000000e+03
8.398437500000000000e+02
2.605468750000000000e+03
8.242187500000000000e+02
7.812500000000000000e+02
1.625000000000000000e+03
8.476562500000000000e+02
8.554687500000000000e+02
8.593750000000000000e+02
7.968750000000000000e+02
7.539062500000000000e+02
7.656250000000000000e+02
7.773437500000000000e+02
8.046875000000000000e+02
1.746093750000000000e+03
8.281250000000000000e+02
8.632812500000000000e+02
8.710937500000000000e+02
8.632812500000000000e+02
8.710937500000000000e+02
1.734375000000000000e+03
8.593750000000000000e+02
8.554687500000000000e+02
8.515625000000000000e+02
8.710937500000000000e+02
8.945312500000000000e+02
9.218750000000000000e+02
9.296875000000000000e+02
8.789062500000000000e+02
8.984375000000000000e+02
9.101562500000000000e+02
9.023437500000000000e+02
8.710937500000000000e+02
8.906250000000000000e+02
8.750000000000000000e+02
8.867187500000000000e+02
8.828125000000000000e+02
9.062500000000000000e+02
8.671875000000000000e+02
8.632812500000000000e+02
8.789062500000000000e+02
8.906250000000000000e+02
8.828125000000000000e+02
9.101562500000000000e+02
9.023437500000000000e+02
9.140625000000000000e+02
8.789062500000000000e+02
8.710937500000000000e+02
8.320312500000000000e+02
8.359375000000000000e+02
8.320312500000000000e+02
8.007812500000000000e+02
8.085937500000000000e+02
8.164062500000000000e+02
8.359375000000000000e+02
8.437500000000000000e+02
8.281250000000000000e+02
8.359375000000000000e+02
8.164062500000000000e+02
8.046875000000000000e+02
8.125000000000000000e+02
8.085937500000000000e+02
7.968750000000000000e+02
8.125000000000000000e+02
8.359375000000000000e+02
8.242187500000000000e+02
8.125000000000000000e+02
8.242187500000000000e+02
8.242187500000000000e+02
8.359375000000000000e+02
8.437500000000000000e+02
8.125000000000000000e+02
8.164062500000000000e+02
8.164062500000000000e+02
1.656250000000000000e+03
8.281250000000000000e+02
8.007812500000000000e+02
7.695312500000000000e+02
7.890625000000000000e+02
7.695312500000000000e+02
7.890625000000000000e+02
8.085937500000000000e+02
8.437500000000000000e+02
8.593750000000000000e+02
8.515625000000000000e+02
8.398437500000000000e+02
8.554687500000000000e+02
8.554687500000000000e+02
8.515625000000000000e+02
8.320312500000000000e+02
7.890625000000000000e+02
8.125000000000000000e+02
7.968750000000000000e+02
8.046875000000000000e+02
1.664062500000000000e+03
8.398437500000000000e+02
2.542968750000000000e+03
7.929687500000000000e+02
8.085937500000000000e+02
8.046875000000000000e+02
8.125000000000000000e+02
7.929687500000000000e+02
8.164062500000000000e+02
8.320312500000000000e+02
8.203125000000000000e+02
8.359375000000000000e+02
8.437500000000000000e+02
8.242187500000000000e+02
1.687500000000000000e+03
8.203125000000000000e+02
8.320312500000000000e+02
8.437500000000000000e+02
8.398437500000000000e+02
8.320312500000000000e+02
8.515625000000000000e+02
8.437500000000000000e+02
8.437500000000000000e+02
8.164062500000000000e+02
7.617187500000000000e+02
7.617187500000000000e+02
7.656250000000000000e+02
7.500000000000000000e+02
7.343750000000000000e+02
7.343750000000000000e+02
7.343750000000000000e+02
7.187500000000000000e+02
7.070312500000000000e+02
7.070312500000000000e+02
6.992187500000000000e+02
2.046875000000000000e+03
1.265625000000000000e+03
1.277343750000000000e+03
2.265625000000000000e+03
7.148437500000000000e+02
7.226562500000000000e+02
7.304687500000000000e+02
1.414062500000000000e+03
8.046875000000000000e+02
7.343750000000000000e+02
7.539062500000000000e+02
1.933593750000000000e+03
1.058593750000000000e+03
9.062500000000000000e+02
1.156250000000000000e+03
9.687500000000000000e+02
1.257812500000000000e+03
1.468750000000000000e+03
7.187500000000000000e+02
9.609375000000000000e+02
1.089843750000000000e+03
1.464843750000000000e+03
1.035156250000000000e+03
1.246093750000000000e+03
6.875000000000000000e+02
6.835937500000000000e+02
6.796875000000000000e+02
8.515625000000000000e+02
1.031250000000000000e+03
8.750000000000000000e+02
1.250000000000000000e+03
6.796875000000000000e+02
2.132812500000000000e+03
9.140625000000000000e+02
1.316406250000000000e+03
7.421875000000000000e+02
7.265625000000000000e+02
7.226562500000000000e+02
7.109375000000000000e+02
7.070312500000000000e+02
7.031250000000000000e+02
7.070312500000000000e+02
6.992187500000000000e+02
1.394531250000000000e+03
6.953125000000000000e+02
6.757812500000000000e+02
1.351562500000000000e+03
6.679687500000000000e+02
7.500000000000000000e+02
1.316406250000000000e+03
7.851562500000000000e+02
1.019531250000000000e+03
1.113281250000000000e+03
7.070312500000000000e+02
7.382812500000000000e+02
7.382812500000000000e+02
9.062500000000000000e+02
9.960937500000000000e+02
1.011718750000000000e+03
7.226562500000000000e+02
7.382812500000000000e+02
7.343750000000000000e+02
1.218750000000000000e+03
1.144531250000000000e+03
1.964843750000000000e+03
1.425781250000000000e+03
1.359375000000000000e+03
