7.093750000000000000e+03
3.578125000000000000e+03
8.710937500000000000e+02
7.304687500000000000e+02
1.804687500000000000e+03
7.421875000000000000e+02
2.445312500000000000e+03
1.144531250000000000e+03
2.328125000000000000e+03
8.398437500000000000e+02
8.945312500000000000e+02
1.832031250000000000e+03
6.757812500000000000e+02
8.085937500000000000e+02
4.667968750000000000e+03
2.066406250000000000e+03
7.773437500000000000e+02
1.159765625000000000e+04
1.198046875000000000e+04
1.824218750000000000e+03
7.109375000000000000e+02
1.683593750000000000e+03
5.824218750000000000e+03
4.570312500000000000e+03
1.054687500000000000e+03
8.359375000000000000e+02
8.632812500000000000e+02
6.835937500000000000e+02
8.554687500000000000e+02
8.515625000000000000e+02
1.148437500000000000e+03
8.281250000000000000e+02
6.796875000000000000e+02
1.039062500000000000e+03
1.199218750000000000e+03
9.699218750000000000e+03
1.261718750000000000e+03
1.023437500000000000e+03
7.890625000000000000e+02
8.515625000000000000e+02
1.417968750000000000e+03
2.244531250000000000e+04
9.726562500000000000e+02
8.125000000000000000e+02
1.562500000000000000e+03
6.796875000000000000e+02
8.554687500000000000e+02
7.382812500000000000e+02
5.253906250000000000e+03
7.945312500000000000e+03
1.121093750000000000e+03
6.698437500000000000e+04
1.109375000000000000e+03
1.660156250000000000e+03
1.539062500000000000e+03
1.671875000000000000e+03
6.796875000000000000e+02
1.042968750000000000e+03
1.707031250000000000e+03
8.515625000000000000e+02
2.281250000000000000e+03
2.140625000000000000e+03
8.554687500000000000e+02
7.953125000000000000e+03
7.617187500000000000e+02
1.246093750000000000e+03
1.687500000000000000e+03
