7.773437500000000000e+02
3.816406250000000000e+03
2.972656250000000000e+03
8.671875000000000000e+02
5.433593750000000000e+03
8.437500000000000000e+02
1.562500000000000000e+03
9.257812500000000000e+02
1.289062500000000000e+03
7.656250000000000000e+02
1.019531250000000000e+03
1.523437500000000000e+03
1.152343750000000000e+03
1.375000000000000000e+03
9.492187500000000000e+02
1.535156250000000000e+03
1.367187500000000000e+03
1.453125000000000000e+03
1.460937500000000000e+03
3.484375000000000000e+03
1.351562500000000000e+03
6.835937500000000000e+02
1.265625000000000000e+03
6.835937500000000000e+02
2.195312500000000000e+03
1.687500000000000000e+03
1.324218750000000000e+03
1.394531250000000000e+03
1.570312500000000000e+03
8.593750000000000000e+02
1.335937500000000000e+03
7.460937500000000000e+02
7.343750000000000000e+02
7.343750000000000000e+02
7.304687500000000000e+02
1.375000000000000000e+03
1.234375000000000000e+03
1.031250000000000000e+03
7.109375000000000000e+02
1.003906250000000000e+03
9.804687500000000000e+02
8.476562500000000000e+02
8.085937500000000000e+02
6.992187500000000000e+02
1.359375000000000000e+03
2.042968750000000000e+03
8.789062500000000000e+02
7.851562500000000000e+02
8.320312500000000000e+02
7.500000000000000000e+02
1.152343750000000000e+03
1.031250000000000000e+03
7.031250000000000000e+02
6.679687500000000000e+02
1.132812500000000000e+03
1.066406250000000000e+03
7.265625000000000000e+02
7.539062500000000000e+02
7.070312500000000000e+02
7.656250000000000000e+02
6.718750000000000000e+02
6.914062500000000000e+02
9.062500000000000000e+02
7.343750000000000000e+02
7.656250000000000000e+02
7.968750000000000000e+02
6.679687500000000000e+02
8.007812500000000000e+02
9.531250000000000000e+02
6.679687500000000000e+02
7.812500000000000000e+02
1.000000000000000000e+03
9.335937500000000000e+02
8.828125000000000000e+02
8.671875000000000000e+02
1.050781250000000000e+03
8.359375000000000000e+02
1.230468750000000000e+03
9.531250000000000000e+02
1.281250000000000000e+03
7.851562500000000000e+02
6.835937500000000000e+02
6.835937500000000000e+02
1.300781250000000000e+03
9.335937500000000000e+02
1.050781250000000000e+03
7.617187500000000000e+02
7.187500000000000000e+02
1.101562500000000000e+03
1.148437500000000000e+03
8.085937500000000000e+02
1.207031250000000000e+03
1.179687500000000000e+03
1.195312500000000000e+03
1.242187500000000000e+03
8.320312500000000000e+02
7.343750000000000000e+02
9.960937500000000000e+02
9.843750000000000000e+02
8.320312500000000000e+02
8.984375000000000000e+02
1.457031250000000000e+03
1.218750000000000000e+03
7.148437500000000000e+02
7.382812500000000000e+02
1.335937500000000000e+03
8.789062500000000000e+02
3.519531250000000000e+03
1.085937500000000000e+03
8.164062500000000000e+02
8.476562500000000000e+02
9.414062500000000000e+02
9.492187500000000000e+02
9.648437500000000000e+02
9.375000000000000000e+02
8.789062500000000000e+02
8.515625000000000000e+02
8.359375000000000000e+02
8.632812500000000000e+02
8.671875000000000000e+02
8.984375000000000000e+02
8.710937500000000000e+02
8.476562500000000000e+02
8.164062500000000000e+02
1.074218750000000000e+03
1.312500000000000000e+03
8.476562500000000000e+02
8.398437500000000000e+02
8.632812500000000000e+02
8.164062500000000000e+02
1.433593750000000000e+03
1.031250000000000000e+03
7.812500000000000000e+02
7.500000000000000000e+02
1.171875000000000000e+03
1.296875000000000000e+03
8.554687500000000000e+02
8.476562500000000000e+02
1.050781250000000000e+03
7.500000000000000000e+02
1.117187500000000000e+03
1.500000000000000000e+03
1.082031250000000000e+03
1.308593750000000000e+03
7.578125000000000000e+02
6.992187500000000000e+02
1.367187500000000000e+03
7.500000000000000000e+02
8.046875000000000000e+02
8.398437500000000000e+02
8.085937500000000000e+02
8.945312500000000000e+02
9.570312500000000000e+02
8.828125000000000000e+02
9.179687500000000000e+02
9.140625000000000000e+02
9.023437500000000000e+02
8.867187500000000000e+02
8.515625000000000000e+02
8.828125000000000000e+02
9.296875000000000000e+02
9.492187500000000000e+02
1.265625000000000000e+03
6.718750000000000000e+02
9.375000000000000000e+02
8.828125000000000000e+02
1.300781250000000000e+03
7.656250000000000000e+02
1.394531250000000000e+03
1.015625000000000000e+03
8.164062500000000000e+02
7.148437500000000000e+02
8.554687500000000000e+02
8.671875000000000000e+02
8.476562500000000000e+02
8.359375000000000000e+02
8.476562500000000000e+02
1.050781250000000000e+03
6.835937500000000000e+02
8.828125000000000000e+02
1.699218750000000000e+03
8.671875000000000000e+02
8.476562500000000000e+02
8.046875000000000000e+02
8.671875000000000000e+02
9.140625000000000000e+02
8.359375000000000000e+02
8.515625000000000000e+02
9.140625000000000000e+02
8.867187500000000000e+02
8.320312500000000000e+02
8.320312500000000000e+02
8.867187500000000000e+02
8.164062500000000000e+02
8.476562500000000000e+02
9.023437500000000000e+02
8.515625000000000000e+02
8.515625000000000000e+02
8.632812500000000000e+02
1.687500000000000000e+03
8.828125000000000000e+02
5.085937500000000000e+03
8.359375000000000000e+02
8.828125000000000000e+02
8.164062500000000000e+02
8.164062500000000000e+02
8.359375000000000000e+02
8.164062500000000000e+02
8.515625000000000000e+02
8.320312500000000000e+02
8.164062500000000000e+02
8.164062500000000000e+02
1.328125000000000000e+03
1.078125000000000000e+03
9.179687500000000000e+02
1.449218750000000000e+03
7.812500000000000000e+02
8.046875000000000000e+02
8.828125000000000000e+02
8.007812500000000000e+02
8.203125000000000000e+02
8.320312500000000000e+02
8.320312500000000000e+02
8.867187500000000000e+02
8.828125000000000000e+02
8.671875000000000000e+02
9.023437500000000000e+02
8.007812500000000000e+02
7.500000000000000000e+02
1.007812500000000000e+03
1.109375000000000000e+03
7.343750000000000000e+02
7.382812500000000000e+02
9.218750000000000000e+02
6.875000000000000000e+02
1.066406250000000000e+03
1.281250000000000000e+03
1.011718750000000000e+03
7.500000000000000000e+02
6.718750000000000000e+02
9.531250000000000000e+02
7.148437500000000000e+02
1.468750000000000000e+03
7.304687500000000000e+02
7.226562500000000000e+02
6.835937500000000000e+02
7.460937500000000000e+02
1.433593750000000000e+03
1.035156250000000000e+03
8.671875000000000000e+02
8.593750000000000000e+02
8.906250000000000000e+02
1.089843750000000000e+03
1.429687500000000000e+03
8.164062500000000000e+02
8.164062500000000000e+02
8.359375000000000000e+02
8.125000000000000000e+02
8.203125000000000000e+02
7.968750000000000000e+02
7.734375000000000000e+02
7.812500000000000000e+02
7.968750000000000000e+02
8.203125000000000000e+02
8.476562500000000000e+02
8.359375000000000000e+02
8.007812500000000000e+02
8.007812500000000000e+02
7.851562500000000000e+02
7.851562500000000000e+02
7.500000000000000000e+02
7.617187500000000000e+02
7.656250000000000000e+02
7.656250000000000000e+02
7.421875000000000000e+02
7.460937500000000000e+02
7.656250000000000000e+02
7.968750000000000000e+02
8.203125000000000000e+02
8.671875000000000000e+02
8.632812500000000000e+02
8.242187500000000000e+02
8.164062500000000000e+02
8.203125000000000000e+02
8.046875000000000000e+02
7.734375000000000000e+02
7.968750000000000000e+02
8.164062500000000000e+02
8.046875000000000000e+02
7.968750000000000000e+02
8.164062500000000000e+02
8.515625000000000000e+02
8.515625000000000000e+02
8.320312500000000000e+02
8.046875000000000000e+02
8.125000000000000000e+02
8.007812500000000000e+02
7.500000000000000000e+02
7.304687500000000000e+02
6.992187500000000000e+02
6.953125000000000000e+02
7.148437500000000000e+02
7.421875000000000000e+02
7.500000000000000000e+02
8.046875000000000000e+02
8.281250000000000000e+02
8.164062500000000000e+02
8.632812500000000000e+02
1.386718750000000000e+03
1.093750000000000000e+03
8.203125000000000000e+02
7.695312500000000000e+02
1.015625000000000000e+03
9.687500000000000000e+02
1.179687500000000000e+03
6.796875000000000000e+02
6.835937500000000000e+02
