8.593750000000000000e+02
8.476562500000000000e+02
1.894531250000000000e+03
1.542968750000000000e+03
1.906250000000000000e+03
3.222656250000000000e+03
1.328125000000000000e+03
3.324218750000000000e+03
1.949218750000000000e+03
1.238281250000000000e+03
1.191406250000000000e+03
1.222656250000000000e+03
1.894531250000000000e+03
1.308593750000000000e+03
1.972656250000000000e+03
2.000000000000000000e+03
6.757812500000000000e+02
6.757812500000000000e+02
6.796875000000000000e+02
1.460937500000000000e+03
7.460937500000000000e+02
7.421875000000000000e+02
7.539062500000000000e+02
7.187500000000000000e+02
3.343750000000000000e+03
1.945312500000000000e+03
1.289062500000000000e+03
1.914062500000000000e+03
1.281250000000000000e+03
1.257812500000000000e+03
1.285156250000000000e+03
1.328125000000000000e+03
7.773437500000000000e+02
1.222656250000000000e+03
9.296875000000000000e+02
3.547656250000000000e+04
8.320312500000000000e+02
6.757812500000000000e+02
7.265625000000000000e+02
1.214843750000000000e+03
8.593750000000000000e+02
8.242187500000000000e+02
1.050781250000000000e+03
2.265625000000000000e+03
8.320312500000000000e+02
8.945312500000000000e+02
1.371093750000000000e+03
7.656250000000000000e+02
1.035156250000000000e+03
7.265625000000000000e+02
8.906250000000000000e+02
9.140625000000000000e+02
1.199218750000000000e+03
1.199218750000000000e+03
9.492187500000000000e+02
7.500000000000000000e+02
9.843750000000000000e+02
7.812500000000000000e+02
8.007812500000000000e+02
8.125000000000000000e+02
7.851562500000000000e+02
7.812500000000000000e+02
7.187500000000000000e+02
1.367187500000000000e+03
1.347656250000000000e+03
1.316406250000000000e+03
1.308593750000000000e+03
1.289062500000000000e+03
7.578125000000000000e+02
1.710937500000000000e+03
2.378906250000000000e+03
6.835937500000000000e+02
1.074218750000000000e+03
1.207031250000000000e+03
1.269531250000000000e+03
6.757812500000000000e+02
6.875000000000000000e+02
7.343750000000000000e+02
7.460937500000000000e+02
7.382812500000000000e+02
7.304687500000000000e+02
6.953125000000000000e+02
6.796875000000000000e+02
1.324218750000000000e+03
1.300781250000000000e+03
1.308593750000000000e+03
1.304687500000000000e+03
1.304687500000000000e+03
1.285156250000000000e+03
1.246093750000000000e+03
1.257812500000000000e+03
1.226562500000000000e+03
1.316406250000000000e+03
1.292968750000000000e+03
7.109375000000000000e+02
7.382812500000000000e+02
1.550781250000000000e+03
1.640625000000000000e+03
8.203125000000000000e+02
1.308593750000000000e+03
9.375000000000000000e+02
6.953125000000000000e+02
6.835937500000000000e+02
1.335937500000000000e+03
1.667968750000000000e+03
1.484375000000000000e+03
1.867187500000000000e+03
1.312500000000000000e+03
2.050781250000000000e+03
1.371093750000000000e+03
6.914062500000000000e+02
6.679687500000000000e+02
1.316406250000000000e+03
8.125000000000000000e+02
9.804687500000000000e+02
1.015625000000000000e+03
8.632812500000000000e+02
7.656250000000000000e+02
1.292968750000000000e+03
1.937500000000000000e+03
1.289062500000000000e+03
8.437500000000000000e+02
1.082031250000000000e+03
1.886718750000000000e+03
8.789062500000000000e+02
1.339843750000000000e+03
7.773437500000000000e+02
9.492187500000000000e+02
1.511718750000000000e+03
1.625000000000000000e+03
8.593750000000000000e+02
1.699218750000000000e+03
1.402343750000000000e+03
8.984375000000000000e+02
2.984375000000000000e+03
2.640625000000000000e+03
2.253906250000000000e+03
1.484375000000000000e+03
1.378906250000000000e+03
7.148437500000000000e+02
1.820312500000000000e+03
1.332031250000000000e+03
1.355468750000000000e+03
9.023437500000000000e+02
1.953125000000000000e+03
3.347656250000000000e+03
1.269531250000000000e+03
1.835937500000000000e+03
1.355468750000000000e+03
6.718750000000000000e+02
6.796875000000000000e+02
1.527343750000000000e+03
7.773437500000000000e+02
2.304687500000000000e+03
4.371093750000000000e+03
1.199218750000000000e+03
1.320312500000000000e+03
1.304687500000000000e+03
2.511718750000000000e+03
6.875000000000000000e+02
1.273437500000000000e+03
1.312500000000000000e+03
6.914062500000000000e+02
1.589843750000000000e+03
8.320312500000000000e+02
8.906250000000000000e+02
7.265625000000000000e+02
1.468750000000000000e+03
1.265625000000000000e+03
1.031250000000000000e+03
7.070312500000000000e+02
1.496093750000000000e+03
9.765625000000000000e+02
1.601562500000000000e+03
6.875000000000000000e+02
6.796875000000000000e+02
9.414062500000000000e+02
6.718750000000000000e+02
9.179687500000000000e+02
9.375000000000000000e+02
1.070312500000000000e+03
8.242187500000000000e+02
1.191406250000000000e+03
7.078125000000000000e+03
1.527343750000000000e+03
8.476562500000000000e+02
7.851562500000000000e+02
1.156250000000000000e+03
9.804687500000000000e+02
1.425781250000000000e+03
1.121093750000000000e+03
7.187500000000000000e+02
1.222656250000000000e+03
1.675781250000000000e+03
7.460937500000000000e+02
1.246093750000000000e+03
7.358203125000000000e+04
7.695312500000000000e+02
1.101562500000000000e+03
6.757812500000000000e+02
1.027343750000000000e+03
7.812500000000000000e+02
1.441406250000000000e+03
1.207031250000000000e+03
1.128906250000000000e+03
1.027343750000000000e+03
1.312500000000000000e+03
1.039062500000000000e+03
1.296875000000000000e+03
1.210937500000000000e+03
1.152343750000000000e+03
7.617187500000000000e+02
1.136718750000000000e+03
8.203125000000000000e+02
8.437500000000000000e+02
6.718750000000000000e+02
7.148437500000000000e+02
6.835937500000000000e+02
1.144531250000000000e+03
7.070312500000000000e+02
1.035156250000000000e+03
6.875000000000000000e+02
7.851562500000000000e+02
7.460937500000000000e+02
9.804687500000000000e+02
8.046875000000000000e+02
1.761718750000000000e+03
1.296875000000000000e+03
1.304687500000000000e+03
1.679687500000000000e+03
6.992187500000000000e+02
8.007812500000000000e+02
7.265625000000000000e+02
1.324218750000000000e+03
1.152343750000000000e+03
7.968750000000000000e+02
1.050781250000000000e+03
1.183593750000000000e+03
1.062500000000000000e+03
7.500000000000000000e+02
8.007812500000000000e+02
8.320312500000000000e+02
1.117187500000000000e+03
8.984375000000000000e+02
1.085937500000000000e+03
6.718750000000000000e+02
8.984375000000000000e+02
1.039062500000000000e+03
6.757812500000000000e+02
7.812500000000000000e+02
1.382812500000000000e+03
1.222656250000000000e+03
8.828125000000000000e+02
1.230468750000000000e+03
6.875000000000000000e+02
6.796875000000000000e+02
6.835937500000000000e+02
6.835937500000000000e+02
1.316406250000000000e+03
1.316406250000000000e+03
3.183593750000000000e+03
1.246093750000000000e+03
1.265625000000000000e+03
1.316406250000000000e+03
6.875000000000000000e+02
6.992187500000000000e+02
1.398437500000000000e+03
6.835937500000000000e+02
6.796875000000000000e+02
6.679687500000000000e+02
6.679687500000000000e+02
1.968750000000000000e+03
1.316406250000000000e+03
1.312500000000000000e+03
1.332031250000000000e+03
6.875000000000000000e+02
7.187500000000000000e+02
6.992187500000000000e+02
2.046875000000000000e+03
1.300781250000000000e+03
1.332031250000000000e+03
6.875000000000000000e+02
7.304687500000000000e+02
1.437500000000000000e+03
1.382812500000000000e+03
1.332031250000000000e+03
1.351562500000000000e+03
1.320312500000000000e+03
1.964843750000000000e+03
6.679687500000000000e+02
6.796875000000000000e+02
7.187500000000000000e+02
7.460937500000000000e+02
7.148437500000000000e+02
7.265625000000000000e+02
7.265625000000000000e+02
6.914062500000000000e+02
6.796875000000000000e+02
6.679687500000000000e+02
6.679687500000000000e+02
1.300781250000000000e+03
1.949218750000000000e+03
2.582031250000000000e+03
1.285156250000000000e+03
1.218750000000000000e+03
1.480468750000000000e+03
1.003906250000000000e+03
1.265625000000000000e+03
1.312500000000000000e+03
6.718750000000000000e+02
1.382812500000000000e+03
6.796875000000000000e+02
1.312500000000000000e+03
6.718750000000000000e+02
2.003906250000000000e+03
2.648437500000000000e+03
6.679687500000000000e+02
6.757812500000000000e+02
1.367187500000000000e+03
7.031250000000000000e+02
7.031250000000000000e+02
7.148437500000000000e+02
4.613281250000000000e+03
2.777343750000000000e+03
3.656250000000000000e+03
1.359375000000000000e+03
1.968750000000000000e+03
1.296875000000000000e+03
3.968750000000000000e+03
1.304687500000000000e+03
1.312500000000000000e+03
6.679687500000000000e+02
6.796875000000000000e+02
6.718750000000000000e+02
1.328125000000000000e+03
1.304687500000000000e+03
1.285156250000000000e+03
1.292968750000000000e+03
2.054687500000000000e+03
6.875000000000000000e+02
6.953125000000000000e+02
2.031250000000000000e+03
6.718750000000000000e+02
6.679687500000000000e+02
6.757812500000000000e+02
6.914062500000000000e+02
6.757812500000000000e+02
4.699218750000000000e+03
1.339843750000000000e+03
6.835937500000000000e+02
1.343750000000000000e+03
2.015625000000000000e+03
1.519531250000000000e+03
3.136718750000000000e+03
1.332031250000000000e+03
1.343750000000000000e+03
1.300781250000000000e+03
1.054687500000000000e+03
9.023437500000000000e+02
3.550781250000000000e+03
4.019531250000000000e+03
4.296875000000000000e+03
1.964843750000000000e+03
3.730468750000000000e+03
1.300781250000000000e+03
6.835937500000000000e+02
7.031250000000000000e+02
1.255859375000000000e+04
6.585937500000000000e+03
1.300781250000000000e+03
1.316406250000000000e+03
2.046875000000000000e+03
2.332031250000000000e+03
1.117187500000000000e+03
3.195312500000000000e+03
1.992187500000000000e+03
6.679687500000000000e+02
1.347656250000000000e+03
1.183593750000000000e+03
2.761718750000000000e+03
8.347656250000000000e+03
7.281250000000000000e+03
4.597656250000000000e+03
1.316406250000000000e+03
