9.687500000000000000e+02
1.160156250000000000e+03
1.335937500000000000e+03
1.027343750000000000e+03
7.773437500000000000e+02
8.007812500000000000e+02
8.125000000000000000e+02
8.476562500000000000e+02
1.117187500000000000e+03
7.812500000000000000e+02
1.367187500000000000e+03
1.171875000000000000e+03
7.109375000000000000e+02
6.679687500000000000e+02
9.023437500000000000e+02
9.335937500000000000e+02
9.140625000000000000e+02
9.023437500000000000e+02
9.062500000000000000e+02
9.023437500000000000e+02
8.632812500000000000e+02
8.710937500000000000e+02
8.906250000000000000e+02
9.335937500000000000e+02
9.570312500000000000e+02
9.101562500000000000e+02
9.179687500000000000e+02
9.531250000000000000e+02
8.632812500000000000e+02
8.515625000000000000e+02
1.484375000000000000e+03
6.718750000000000000e+02
1.175781250000000000e+03
8.359375000000000000e+02
1.265625000000000000e+03
1.210937500000000000e+03
8.242187500000000000e+02
7.304687500000000000e+02
8.046875000000000000e+02
8.789062500000000000e+02
1.089843750000000000e+03
1.023437500000000000e+03
1.089843750000000000e+03
1.269531250000000000e+03
8.125000000000000000e+02
1.003906250000000000e+03
9.531250000000000000e+02
9.492187500000000000e+02
9.140625000000000000e+02
9.179687500000000000e+02
6.679687500000000000e+02
7.812500000000000000e+02
1.085937500000000000e+03
6.679687500000000000e+02
7.148437500000000000e+02
7.890625000000000000e+02
8.125000000000000000e+02
8.164062500000000000e+02
8.164062500000000000e+02
7.539062500000000000e+02
7.929687500000000000e+02
8.046875000000000000e+02
8.164062500000000000e+02
8.359375000000000000e+02
7.968750000000000000e+02
8.085937500000000000e+02
7.773437500000000000e+02
7.929687500000000000e+02
8.085937500000000000e+02
1.117187500000000000e+03
1.347656250000000000e+03
2.117187500000000000e+03
8.320312500000000000e+02
9.375000000000000000e+02
1.015625000000000000e+03
1.062500000000000000e+03
7.851562500000000000e+02
9.023437500000000000e+02
8.007812500000000000e+02
7.500000000000000000e+02
9.882812500000000000e+02
6.914062500000000000e+02
6.953125000000000000e+02
1.078125000000000000e+03
8.632812500000000000e+02
9.062500000000000000e+02
8.710937500000000000e+02
7.226562500000000000e+02
7.187500000000000000e+02
1.125000000000000000e+03
1.113281250000000000e+03
9.882812500000000000e+02
7.968750000000000000e+02
7.187500000000000000e+02
6.953125000000000000e+02
1.125000000000000000e+03
1.117187500000000000e+03
1.167968750000000000e+03
1.085937500000000000e+03
6.679687500000000000e+02
1.097656250000000000e+03
1.132812500000000000e+03
1.171875000000000000e+03
1.113281250000000000e+03
7.382812500000000000e+02
6.796875000000000000e+02
8.203125000000000000e+02
8.281250000000000000e+02
8.867187500000000000e+02
9.140625000000000000e+02
6.796875000000000000e+02
7.617187500000000000e+02
8.593750000000000000e+02
8.476562500000000000e+02
8.710937500000000000e+02
9.375000000000000000e+02
1.226562500000000000e+03
1.484375000000000000e+03
9.179687500000000000e+02
9.023437500000000000e+02
9.492187500000000000e+02
8.593750000000000000e+02
8.632812500000000000e+02
9.101562500000000000e+02
9.296875000000000000e+02
9.335937500000000000e+02
9.257812500000000000e+02
9.492187500000000000e+02
9.101562500000000000e+02
8.554687500000000000e+02
8.320312500000000000e+02
8.789062500000000000e+02
8.398437500000000000e+02
8.554687500000000000e+02
8.984375000000000000e+02
9.375000000000000000e+02
9.492187500000000000e+02
9.843750000000000000e+02
9.648437500000000000e+02
9.140625000000000000e+02
9.531250000000000000e+02
9.609375000000000000e+02
9.179687500000000000e+02
9.687500000000000000e+02
1.000000000000000000e+03
1.000000000000000000e+03
9.648437500000000000e+02
1.007812500000000000e+03
9.648437500000000000e+02
9.531250000000000000e+02
9.375000000000000000e+02
9.648437500000000000e+02
9.960937500000000000e+02
8.984375000000000000e+02
9.179687500000000000e+02
9.492187500000000000e+02
9.960937500000000000e+02
9.804687500000000000e+02
9.375000000000000000e+02
1.019531250000000000e+03
9.804687500000000000e+02
9.492187500000000000e+02
9.843750000000000000e+02
9.843750000000000000e+02
9.648437500000000000e+02
9.531250000000000000e+02
9.882812500000000000e+02
1.050781250000000000e+03
1.039062500000000000e+03
1.054687500000000000e+03
1.023437500000000000e+03
1.042968750000000000e+03
9.414062500000000000e+02
1.515625000000000000e+03
1.214843750000000000e+03
8.632812500000000000e+02
8.710937500000000000e+02
8.984375000000000000e+02
1.261718750000000000e+03
1.312500000000000000e+03
9.101562500000000000e+02
9.960937500000000000e+02
1.511718750000000000e+03
8.632812500000000000e+02
9.296875000000000000e+02
8.476562500000000000e+02
7.617187500000000000e+02
8.750000000000000000e+02
6.718750000000000000e+02
1.066406250000000000e+03
8.359375000000000000e+02
9.335937500000000000e+02
9.570312500000000000e+02
7.539062500000000000e+02
1.000000000000000000e+03
7.304687500000000000e+02
1.203125000000000000e+03
8.281250000000000000e+02
6.718750000000000000e+02
9.414062500000000000e+02
1.144531250000000000e+03
9.375000000000000000e+02
6.875000000000000000e+02
6.679687500000000000e+02
1.246093750000000000e+03
1.156250000000000000e+03
8.750000000000000000e+02
7.968750000000000000e+02
8.945312500000000000e+02
7.812500000000000000e+02
9.023437500000000000e+02
8.203125000000000000e+02
8.125000000000000000e+02
7.695312500000000000e+02
7.304687500000000000e+02
6.835937500000000000e+02
7.187500000000000000e+02
9.648437500000000000e+02
6.835937500000000000e+02
7.656250000000000000e+02
1.050781250000000000e+03
1.062500000000000000e+03
7.070312500000000000e+02
6.796875000000000000e+02
9.140625000000000000e+02
4.835937500000000000e+03
5.235156250000000000e+04
1.316406250000000000e+03
9.648437500000000000e+02
2.683593750000000000e+03
1.207031250000000000e+03
1.042968750000000000e+03
1.132812500000000000e+03
1.457031250000000000e+03
1.292968750000000000e+03
8.164062500000000000e+02
7.500000000000000000e+02
8.593750000000000000e+02
1.113281250000000000e+03
8.750000000000000000e+02
1.320312500000000000e+03
1.199218750000000000e+03
7.070312500000000000e+02
1.222656250000000000e+03
1.304687500000000000e+03
9.179687500000000000e+02
8.789062500000000000e+02
1.269531250000000000e+03
1.378906250000000000e+03
1.351562500000000000e+03
6.835937500000000000e+02
6.953125000000000000e+02
7.148437500000000000e+02
2.089843750000000000e+03
8.242187500000000000e+02
9.375000000000000000e+02
9.882812500000000000e+02
1.007812500000000000e+03
7.031250000000000000e+02
1.027343750000000000e+03
9.257812500000000000e+02
8.203125000000000000e+02
1.046875000000000000e+03
7.382812500000000000e+02
7.070312500000000000e+02
1.000000000000000000e+03
7.500000000000000000e+02
