9.843750000000000000e+02
7.695312500000000000e+02
9.140625000000000000e+02
1.058593750000000000e+03
1.054687500000000000e+03
2.160156250000000000e+03
1.421875000000000000e+03
1.371093750000000000e+03
6.757812500000000000e+02
7.656250000000000000e+02
7.343750000000000000e+02
1.109375000000000000e+03
1.476562500000000000e+03
1.195312500000000000e+03
2.562500000000000000e+03
1.371093750000000000e+03
1.253906250000000000e+03
1.335937500000000000e+03
1.003906250000000000e+03
1.656250000000000000e+03
6.914062500000000000e+02
7.968750000000000000e+02
1.167968750000000000e+03
1.296875000000000000e+03
1.378906250000000000e+03
1.328125000000000000e+03
1.531250000000000000e+03
1.597656250000000000e+03
9.257812500000000000e+02
7.890625000000000000e+02
1.410156250000000000e+03
6.914062500000000000e+02
2.808593750000000000e+03
1.289062500000000000e+03
6.679687500000000000e+02
8.789062500000000000e+02
1.328125000000000000e+03
1.121093750000000000e+03
8.476562500000000000e+02
7.070312500000000000e+02
1.281250000000000000e+03
9.882812500000000000e+02
1.332031250000000000e+03
8.085937500000000000e+02
8.007812500000000000e+02
7.773437500000000000e+02
6.757812500000000000e+02
1.332031250000000000e+03
6.796875000000000000e+02
6.953125000000000000e+02
6.953125000000000000e+02
7.148437500000000000e+02
7.070312500000000000e+02
7.031250000000000000e+02
6.992187500000000000e+02
1.453125000000000000e+03
7.187500000000000000e+02
6.875000000000000000e+02
6.875000000000000000e+02
6.757812500000000000e+02
6.875000000000000000e+02
1.019531250000000000e+03
1.074218750000000000e+03
6.718750000000000000e+02
7.187500000000000000e+02
6.914062500000000000e+02
6.914062500000000000e+02
7.304687500000000000e+02
1.320312500000000000e+03
2.589843750000000000e+03
1.042968750000000000e+03
8.710937500000000000e+02
1.207031250000000000e+03
7.500000000000000000e+02
7.539062500000000000e+02
7.617187500000000000e+02
6.953125000000000000e+02
1.371093750000000000e+03
6.875000000000000000e+02
9.687500000000000000e+02
1.113281250000000000e+03
6.718750000000000000e+02
2.187500000000000000e+03
1.035156250000000000e+03
7.617187500000000000e+02
1.464843750000000000e+03
1.242187500000000000e+03
9.414062500000000000e+02
7.226562500000000000e+02
1.089843750000000000e+03
7.968750000000000000e+02
1.121093750000000000e+03
7.539062500000000000e+02
1.296875000000000000e+03
6.875000000000000000e+02
1.339843750000000000e+03
6.796875000000000000e+02
6.914062500000000000e+02
6.757812500000000000e+02
8.281250000000000000e+02
8.359375000000000000e+02
1.105468750000000000e+03
6.757812500000000000e+02
1.175781250000000000e+03
6.953125000000000000e+02
1.398437500000000000e+03
7.304687500000000000e+02
7.304687500000000000e+02
1.367187500000000000e+03
9.257812500000000000e+02
7.070312500000000000e+02
6.953125000000000000e+02
7.656250000000000000e+02
7.812500000000000000e+02
1.480468750000000000e+03
7.031250000000000000e+02
7.304687500000000000e+02
7.578125000000000000e+02
7.578125000000000000e+02
7.382812500000000000e+02
6.796875000000000000e+02
1.160156250000000000e+03
1.136718750000000000e+03
8.750000000000000000e+02
6.914062500000000000e+02
7.187500000000000000e+02
7.265625000000000000e+02
7.968750000000000000e+02
8.046875000000000000e+02
1.007812500000000000e+03
1.179687500000000000e+03
7.343750000000000000e+02
7.226562500000000000e+02
7.070312500000000000e+02
6.914062500000000000e+02
6.992187500000000000e+02
1.324218750000000000e+03
1.027343750000000000e+03
1.039062500000000000e+03
6.992187500000000000e+02
1.355468750000000000e+03
7.656250000000000000e+02
7.656250000000000000e+02
7.773437500000000000e+02
7.695312500000000000e+02
6.796875000000000000e+02
7.109375000000000000e+02
7.578125000000000000e+02
7.695312500000000000e+02
8.164062500000000000e+02
7.656250000000000000e+02
7.968750000000000000e+02
7.421875000000000000e+02
7.968750000000000000e+02
7.617187500000000000e+02
7.109375000000000000e+02
6.875000000000000000e+02
6.914062500000000000e+02
8.398437500000000000e+02
8.593750000000000000e+02
8.750000000000000000e+02
8.437500000000000000e+02
6.796875000000000000e+02
8.476562500000000000e+02
7.773437500000000000e+02
7.812500000000000000e+02
8.125000000000000000e+02
7.929687500000000000e+02
7.851562500000000000e+02
7.929687500000000000e+02
6.757812500000000000e+02
6.835937500000000000e+02
9.765625000000000000e+02
6.914062500000000000e+02
7.539062500000000000e+02
9.960937500000000000e+02
1.105468750000000000e+03
1.289062500000000000e+03
1.089843750000000000e+03
1.167968750000000000e+03
8.867187500000000000e+02
1.261718750000000000e+03
1.855468750000000000e+03
7.773437500000000000e+02
1.097656250000000000e+03
1.714843750000000000e+03
8.867187500000000000e+02
2.652343750000000000e+03
1.156250000000000000e+03
1.960937500000000000e+03
2.921875000000000000e+03
7.539062500000000000e+02
9.375000000000000000e+02
1.132812500000000000e+03
1.183593750000000000e+03
3.984375000000000000e+03
1.812500000000000000e+03
3.472656250000000000e+03
1.152343750000000000e+03
8.242187500000000000e+02
1.324218750000000000e+03
6.757812500000000000e+02
7.031250000000000000e+02
9.804687500000000000e+02
5.843750000000000000e+03
8.164062500000000000e+02
2.281250000000000000e+03
7.500000000000000000e+02
7.656250000000000000e+02
1.042968750000000000e+03
2.273437500000000000e+03
2.085937500000000000e+03
1.828125000000000000e+03
5.312500000000000000e+03
1.441406250000000000e+03
6.679687500000000000e+02
8.906250000000000000e+02
1.742187500000000000e+03
6.718750000000000000e+02
2.582031250000000000e+03
1.312500000000000000e+03
1.433593750000000000e+03
1.070312500000000000e+03
1.089843750000000000e+03
8.632812500000000000e+02
1.230468750000000000e+03
3.765625000000000000e+03
7.460937500000000000e+02
7.890625000000000000e+02
9.062500000000000000e+02
1.031250000000000000e+03
1.347656250000000000e+03
8.281250000000000000e+02
6.875000000000000000e+02
1.292968750000000000e+03
7.226562500000000000e+02
1.054687500000000000e+03
9.023437500000000000e+02
8.125000000000000000e+02
6.953125000000000000e+02
7.734375000000000000e+02
1.507812500000000000e+03
1.902343750000000000e+03
7.734375000000000000e+02
1.148437500000000000e+03
9.843750000000000000e+02
1.003906250000000000e+03
6.835937500000000000e+02
7.500000000000000000e+02
