2.023437500000000000e+03
6.718750000000000000e+02
6.953125000000000000e+02
6.718750000000000000e+02
6.718750000000000000e+02
6.679687500000000000e+02
6.796875000000000000e+02
6.953125000000000000e+02
6.757812500000000000e+02
7.187500000000000000e+02
6.953125000000000000e+02
6.875000000000000000e+02
6.835937500000000000e+02
2.085937500000000000e+03
6.875000000000000000e+02
6.679687500000000000e+02
6.679687500000000000e+02
1.269531250000000000e+03
6.835937500000000000e+02
7.070312500000000000e+02
7.148437500000000000e+02
6.835937500000000000e+02
6.679687500000000000e+02
7.148437500000000000e+02
7.031250000000000000e+02
6.835937500000000000e+02
6.796875000000000000e+02
6.835937500000000000e+02
7.070312500000000000e+02
7.421875000000000000e+02
7.421875000000000000e+02
7.500000000000000000e+02
6.953125000000000000e+02
7.265625000000000000e+02
7.656250000000000000e+02
7.109375000000000000e+02
7.070312500000000000e+02
7.226562500000000000e+02
7.187500000000000000e+02
7.031250000000000000e+02
7.265625000000000000e+02
7.382812500000000000e+02
7.148437500000000000e+02
1.343750000000000000e+03
6.796875000000000000e+02
6.679687500000000000e+02
1.265625000000000000e+03
5.085937500000000000e+03
1.878906250000000000e+03
1.234375000000000000e+03
1.226562500000000000e+03
1.839843750000000000e+03
1.902343750000000000e+03
1.292968750000000000e+03
2.015625000000000000e+03
1.065234375000000000e+04
1.390625000000000000e+03
4.117187500000000000e+03
4.656250000000000000e+03
8.382812500000000000e+03
1.992187500000000000e+03
6.679687500000000000e+02
8.804687500000000000e+03
2.621093750000000000e+03
5.527343750000000000e+03
1.917968750000000000e+03
1.257812500000000000e+03
1.242187500000000000e+03
1.250000000000000000e+03
6.718750000000000000e+02
2.027343750000000000e+03
6.914062500000000000e+02
7.109375000000000000e+02
7.148437500000000000e+02
1.351562500000000000e+03
1.960937500000000000e+03
1.285156250000000000e+03
6.835937500000000000e+02
6.757812500000000000e+02
6.718750000000000000e+02
2.679687500000000000e+03
6.757812500000000000e+02
1.316406250000000000e+03
1.300781250000000000e+03
6.796875000000000000e+02
1.375000000000000000e+03
7.226562500000000000e+02
8.203125000000000000e+02
1.464843750000000000e+03
7.187500000000000000e+02
7.031250000000000000e+02
6.796875000000000000e+02
6.757812500000000000e+02
1.265625000000000000e+03
2.007812500000000000e+03
1.312500000000000000e+03
6.953125000000000000e+02
6.757812500000000000e+02
6.718750000000000000e+02
7.226562500000000000e+02
6.875000000000000000e+02
6.835937500000000000e+02
1.332031250000000000e+03
1.257812500000000000e+03
1.257812500000000000e+03
1.257812500000000000e+03
1.273437500000000000e+03
1.898437500000000000e+03
1.273437500000000000e+03
4.484375000000000000e+03
1.064453125000000000e+04
1.316406250000000000e+03
2.721484375000000000e+04
7.214843750000000000e+03
2.582031250000000000e+03
1.265625000000000000e+03
1.285156250000000000e+03
1.253906250000000000e+03
1.925781250000000000e+03
1.332031250000000000e+03
6.796875000000000000e+02
1.343750000000000000e+03
6.835937500000000000e+02
1.300781250000000000e+03
6.875000000000000000e+02
1.292968750000000000e+03
6.718750000000000000e+02
1.304687500000000000e+03
1.316406250000000000e+03
6.875000000000000000e+02
1.304687500000000000e+03
6.796875000000000000e+02
1.324218750000000000e+03
6.679687500000000000e+02
1.296875000000000000e+03
6.718750000000000000e+02
1.127343750000000000e+04
1.277343750000000000e+03
1.257812500000000000e+03
1.250000000000000000e+03
1.265625000000000000e+03
