7.109375000000000000e+02
7.148437500000000000e+02
7.031250000000000000e+02
6.914062500000000000e+02
6.953125000000000000e+02
6.835937500000000000e+02
6.679687500000000000e+02
6.796875000000000000e+02
6.796875000000000000e+02
6.875000000000000000e+02
7.031250000000000000e+02
7.187500000000000000e+02
7.148437500000000000e+02
7.187500000000000000e+02
7.382812500000000000e+02
7.109375000000000000e+02
7.265625000000000000e+02
7.265625000000000000e+02
1.464843750000000000e+03
7.460937500000000000e+02
7.421875000000000000e+02
7.734375000000000000e+02
7.460937500000000000e+02
4.035156250000000000e+03
8.476562500000000000e+02
8.125000000000000000e+02
1.648437500000000000e+03
1.785156250000000000e+03
8.398437500000000000e+02
2.542968750000000000e+03
8.554687500000000000e+02
8.476562500000000000e+02
8.203125000000000000e+02
8.203125000000000000e+02
8.437500000000000000e+02
8.593750000000000000e+02
8.710937500000000000e+02
8.515625000000000000e+02
8.320312500000000000e+02
8.320312500000000000e+02
8.437500000000000000e+02
8.203125000000000000e+02
8.007812500000000000e+02
7.773437500000000000e+02
7.500000000000000000e+02
7.539062500000000000e+02
7.734375000000000000e+02
7.773437500000000000e+02
1.593750000000000000e+03
7.890625000000000000e+02
7.968750000000000000e+02
8.203125000000000000e+02
8.085937500000000000e+02
1.589843750000000000e+03
8.164062500000000000e+02
8.203125000000000000e+02
8.320312500000000000e+02
1.660156250000000000e+03
1.589843750000000000e+03
7.812500000000000000e+02
7.617187500000000000e+02
7.500000000000000000e+02
7.500000000000000000e+02
7.734375000000000000e+02
7.968750000000000000e+02
4.937500000000000000e+03
8.750000000000000000e+02
4.285156250000000000e+03
1.750000000000000000e+03
8.593750000000000000e+02
8.378906250000000000e+03
3.714843750000000000e+03
9.492187500000000000e+02
9.687500000000000000e+02
9.296875000000000000e+02
9.492187500000000000e+02
1.902343750000000000e+03
1.902343750000000000e+03
9.414062500000000000e+02
1.976562500000000000e+03
9.531250000000000000e+02
9.765625000000000000e+02
5.765625000000000000e+03
1.886718750000000000e+03
9.453125000000000000e+02
1.816406250000000000e+03
8.984375000000000000e+02
9.179687500000000000e+02
8.710937500000000000e+02
1.757812500000000000e+03
1.761718750000000000e+03
1.738281250000000000e+03
1.217187500000000000e+04
9.101562500000000000e+02
2.753906250000000000e+03
9.687500000000000000e+02
9.453125000000000000e+02
9.492187500000000000e+02
1.894531250000000000e+03
9.296875000000000000e+02
9.453125000000000000e+02
2.769531250000000000e+03
1.517968750000000000e+04
9.414062500000000000e+02
8.906250000000000000e+02
8.320312500000000000e+02
8.554687500000000000e+02
8.554687500000000000e+02
8.398437500000000000e+02
8.203125000000000000e+02
8.281250000000000000e+02
8.320312500000000000e+02
8.007812500000000000e+02
8.046875000000000000e+02
7.968750000000000000e+02
8.007812500000000000e+02
7.929687500000000000e+02
7.734375000000000000e+02
7.617187500000000000e+02
