8.593750000000000000e+02
1.078125000000000000e+03
6.953125000000000000e+02
8.242187500000000000e+02
8.007812500000000000e+02
8.398437500000000000e+02
8.359375000000000000e+02
8.750000000000000000e+02
8.125000000000000000e+02
8.046875000000000000e+02
7.773437500000000000e+02
8.476562500000000000e+02
8.867187500000000000e+02
1.847656250000000000e+03
8.867187500000000000e+02
1.046875000000000000e+03
1.519531250000000000e+03
8.867187500000000000e+02
8.867187500000000000e+02
8.437500000000000000e+02
8.593750000000000000e+02
8.789062500000000000e+02
8.789062500000000000e+02
8.242187500000000000e+02
1.074218750000000000e+03
6.679687500000000000e+02
8.242187500000000000e+02
8.242187500000000000e+02
8.554687500000000000e+02
7.890625000000000000e+02
1.429687500000000000e+03
1.320312500000000000e+03
7.890625000000000000e+02
8.554687500000000000e+02
1.050781250000000000e+03
1.234375000000000000e+03
1.027343750000000000e+03
7.929687500000000000e+02
3.070312500000000000e+03
8.554687500000000000e+02
1.144531250000000000e+03
8.867187500000000000e+02
8.828125000000000000e+02
7.968750000000000000e+02
6.679687500000000000e+02
8.437500000000000000e+02
1.636718750000000000e+03
8.007812500000000000e+02
7.031250000000000000e+02
1.578125000000000000e+03
8.476562500000000000e+02
8.281250000000000000e+02
8.046875000000000000e+02
8.515625000000000000e+02
8.828125000000000000e+02
9.179687500000000000e+02
8.242187500000000000e+02
8.710937500000000000e+02
8.984375000000000000e+02
1.109375000000000000e+03
6.992187500000000000e+02
9.335937500000000000e+02
1.117187500000000000e+03
1.582031250000000000e+03
8.945312500000000000e+02
8.671875000000000000e+02
8.046875000000000000e+02
8.203125000000000000e+02
1.664062500000000000e+03
8.906250000000000000e+02
1.289062500000000000e+03
1.585937500000000000e+03
1.035156250000000000e+03
1.355468750000000000e+03
7.890625000000000000e+02
8.906250000000000000e+02
8.984375000000000000e+02
9.609375000000000000e+02
9.179687500000000000e+02
9.335937500000000000e+02
1.113281250000000000e+03
6.914062500000000000e+02
9.062500000000000000e+02
8.281250000000000000e+02
8.359375000000000000e+02
8.320312500000000000e+02
1.640625000000000000e+03
8.398437500000000000e+02
8.593750000000000000e+02
8.710937500000000000e+02
9.140625000000000000e+02
1.175781250000000000e+03
6.679687500000000000e+02
9.101562500000000000e+02
9.179687500000000000e+02
9.335937500000000000e+02
8.710937500000000000e+02
8.945312500000000000e+02
9.218750000000000000e+02
9.296875000000000000e+02
9.335937500000000000e+02
8.281250000000000000e+02
8.828125000000000000e+02
8.984375000000000000e+02
8.906250000000000000e+02
9.218750000000000000e+02
8.359375000000000000e+02
7.851562500000000000e+02
1.582031250000000000e+03
8.164062500000000000e+02
8.671875000000000000e+02
8.359375000000000000e+02
8.867187500000000000e+02
9.687500000000000000e+02
9.531250000000000000e+02
9.609375000000000000e+02
8.906250000000000000e+02
8.242187500000000000e+02
8.945312500000000000e+02
8.437500000000000000e+02
8.750000000000000000e+02
7.734375000000000000e+02
8.164062500000000000e+02
8.359375000000000000e+02
9.257812500000000000e+02
8.476562500000000000e+02
8.437500000000000000e+02
2.046875000000000000e+03
6.953125000000000000e+02
8.750000000000000000e+02
8.750000000000000000e+02
1.718750000000000000e+03
1.671875000000000000e+03
8.046875000000000000e+02
1.582031250000000000e+03
8.398437500000000000e+02
8.164062500000000000e+02
1.132812500000000000e+03
6.757812500000000000e+02
1.140625000000000000e+03
7.109375000000000000e+02
9.414062500000000000e+02
1.785156250000000000e+03
8.125000000000000000e+02
8.046875000000000000e+02
8.085937500000000000e+02
1.605468750000000000e+03
7.695312500000000000e+02
7.382812500000000000e+02
7.148437500000000000e+02
7.773437500000000000e+02
8.164062500000000000e+02
9.296875000000000000e+02
1.742187500000000000e+03
9.453125000000000000e+02
9.687500000000000000e+02
9.882812500000000000e+02
9.218750000000000000e+02
8.750000000000000000e+02
8.710937500000000000e+02
8.593750000000000000e+02
8.437500000000000000e+02
8.242187500000000000e+02
1.675781250000000000e+03
9.179687500000000000e+02
9.218750000000000000e+02
8.789062500000000000e+02
9.414062500000000000e+02
1.843750000000000000e+03
8.437500000000000000e+02
8.789062500000000000e+02
8.906250000000000000e+02
8.359375000000000000e+02
8.750000000000000000e+02
9.062500000000000000e+02
9.453125000000000000e+02
8.632812500000000000e+02
1.691406250000000000e+03
8.398437500000000000e+02
8.007812500000000000e+02
7.304687500000000000e+02
7.148437500000000000e+02
1.136718750000000000e+03
9.960937500000000000e+02
6.679687500000000000e+02
1.335937500000000000e+03
6.757812500000000000e+02
1.023437500000000000e+03
7.382812500000000000e+02
1.332031250000000000e+03
1.234375000000000000e+03
8.437500000000000000e+02
1.078125000000000000e+03
7.148437500000000000e+02
7.734375000000000000e+02
7.421875000000000000e+02
8.789062500000000000e+02
8.125000000000000000e+02
8.046875000000000000e+02
7.812500000000000000e+02
8.242187500000000000e+02
8.359375000000000000e+02
8.164062500000000000e+02
7.617187500000000000e+02
7.382812500000000000e+02
7.734375000000000000e+02
7.421875000000000000e+02
7.265625000000000000e+02
7.929687500000000000e+02
8.554687500000000000e+02
8.476562500000000000e+02
8.359375000000000000e+02
8.828125000000000000e+02
8.945312500000000000e+02
8.593750000000000000e+02
8.984375000000000000e+02
8.476562500000000000e+02
8.671875000000000000e+02
8.320312500000000000e+02
8.593750000000000000e+02
8.828125000000000000e+02
8.828125000000000000e+02
8.945312500000000000e+02
8.242187500000000000e+02
8.359375000000000000e+02
8.515625000000000000e+02
8.359375000000000000e+02
8.046875000000000000e+02
8.476562500000000000e+02
8.593750000000000000e+02
8.593750000000000000e+02
8.671875000000000000e+02
8.437500000000000000e+02
8.710937500000000000e+02
8.593750000000000000e+02
8.320312500000000000e+02
8.710937500000000000e+02
8.867187500000000000e+02
8.632812500000000000e+02
8.476562500000000000e+02
8.359375000000000000e+02
8.320312500000000000e+02
8.242187500000000000e+02
7.812500000000000000e+02
8.046875000000000000e+02
8.437500000000000000e+02
8.789062500000000000e+02
8.476562500000000000e+02
8.671875000000000000e+02
9.062500000000000000e+02
9.257812500000000000e+02
8.984375000000000000e+02
9.140625000000000000e+02
9.453125000000000000e+02
9.218750000000000000e+02
8.710937500000000000e+02
8.906250000000000000e+02
8.828125000000000000e+02
8.632812500000000000e+02
8.437500000000000000e+02
8.906250000000000000e+02
8.984375000000000000e+02
8.515625000000000000e+02
8.320312500000000000e+02
8.359375000000000000e+02
8.671875000000000000e+02
8.828125000000000000e+02
8.359375000000000000e+02
8.320312500000000000e+02
8.085937500000000000e+02
7.617187500000000000e+02
7.851562500000000000e+02
7.851562500000000000e+02
7.968750000000000000e+02
7.617187500000000000e+02
7.851562500000000000e+02
8.203125000000000000e+02
8.398437500000000000e+02
8.007812500000000000e+02
8.632812500000000000e+02
9.140625000000000000e+02
9.023437500000000000e+02
8.398437500000000000e+02
8.554687500000000000e+02
8.476562500000000000e+02
8.046875000000000000e+02
8.359375000000000000e+02
9.257812500000000000e+02
9.375000000000000000e+02
9.140625000000000000e+02
9.687500000000000000e+02
9.687500000000000000e+02
9.218750000000000000e+02
9.179687500000000000e+02
9.453125000000000000e+02
9.062500000000000000e+02
8.359375000000000000e+02
7.343750000000000000e+02
8.515625000000000000e+02
7.382812500000000000e+02
7.421875000000000000e+02
1.207031250000000000e+03
1.468750000000000000e+03
9.375000000000000000e+02
6.953125000000000000e+02
6.796875000000000000e+02
1.339843750000000000e+03
8.515625000000000000e+02
1.199218750000000000e+03
7.539062500000000000e+02
8.125000000000000000e+02
8.320312500000000000e+02
1.523437500000000000e+03
8.125000000000000000e+02
1.027343750000000000e+03
8.007812500000000000e+02
6.992187500000000000e+02
1.449218750000000000e+03
1.269531250000000000e+03
9.960937500000000000e+02
1.054687500000000000e+03
1.164062500000000000e+03
6.718750000000000000e+02
8.398437500000000000e+02
1.046875000000000000e+03
9.257812500000000000e+02
1.664062500000000000e+03
6.875000000000000000e+02
7.929687500000000000e+02
7.929687500000000000e+02
8.828125000000000000e+02
1.476562500000000000e+03
9.765625000000000000e+02
6.757812500000000000e+02
1.136718750000000000e+03
6.679687500000000000e+02
9.960937500000000000e+02
6.953125000000000000e+02
8.203125000000000000e+02
1.132812500000000000e+03
6.835937500000000000e+02
1.000000000000000000e+03
6.875000000000000000e+02
7.773437500000000000e+02
8.281250000000000000e+02
1.179687500000000000e+03
7.929687500000000000e+02
8.007812500000000000e+02
8.671875000000000000e+02
1.089843750000000000e+03
1.027343750000000000e+03
1.382812500000000000e+03
7.343750000000000000e+02
9.492187500000000000e+02
1.085937500000000000e+03
1.160156250000000000e+03
7.226562500000000000e+02
6.953125000000000000e+02
7.148437500000000000e+02
1.121093750000000000e+03
1.089843750000000000e+03
1.414062500000000000e+03
1.054687500000000000e+03
1.195312500000000000e+03
9.765625000000000000e+02
1.183593750000000000e+03
7.968750000000000000e+02
8.046875000000000000e+02
7.812500000000000000e+02
7.460937500000000000e+02
7.226562500000000000e+02
7.187500000000000000e+02
7.265625000000000000e+02
7.304687500000000000e+02
7.773437500000000000e+02
7.929687500000000000e+02
1.226562500000000000e+03
1.296875000000000000e+03
8.164062500000000000e+02
8.085937500000000000e+02
8.046875000000000000e+02
7.343750000000000000e+02
1.292968750000000000e+03
1.714843750000000000e+03
1.386718750000000000e+03
1.316406250000000000e+03
1.316406250000000000e+03
8.476562500000000000e+02
1.136718750000000000e+03
7.421875000000000000e+02
7.656250000000000000e+02
7.656250000000000000e+02
7.695312500000000000e+02
7.500000000000000000e+02
7.304687500000000000e+02
7.187500000000000000e+02
7.148437500000000000e+02
1.441406250000000000e+03
7.578125000000000000e+02
7.382812500000000000e+02
7.382812500000000000e+02
1.160156250000000000e+03
1.656250000000000000e+03
1.000000000000000000e+03
1.050781250000000000e+03
8.828125000000000000e+02
7.109375000000000000e+02
1.300781250000000000e+03
1.269531250000000000e+03
