1.410156250000000000e+03
1.058593750000000000e+03
1.023437500000000000e+03
1.386718750000000000e+03
6.718750000000000000e+02
6.757812500000000000e+02
1.308593750000000000e+03
1.304687500000000000e+03
1.320312500000000000e+03
7.070312500000000000e+02
6.953125000000000000e+02
7.109375000000000000e+02
1.402343750000000000e+03
6.718750000000000000e+02
6.718750000000000000e+02
1.851562500000000000e+03
2.148437500000000000e+03
1.207031250000000000e+03
6.757812500000000000e+02
1.312500000000000000e+03
1.265625000000000000e+03
2.480468750000000000e+03
3.882812500000000000e+03
6.679687500000000000e+02
1.281250000000000000e+03
1.867187500000000000e+03
1.328125000000000000e+03
1.304687500000000000e+03
6.718750000000000000e+02
6.718750000000000000e+02
7.031250000000000000e+02
2.089843750000000000e+03
2.042968750000000000e+03
6.835937500000000000e+02
2.039062500000000000e+03
6.679687500000000000e+02
4.734375000000000000e+03
1.343750000000000000e+03
1.390625000000000000e+03
1.417968750000000000e+03
7.109375000000000000e+02
7.031250000000000000e+02
6.875000000000000000e+02
4.152343750000000000e+03
1.316406250000000000e+03
6.679687500000000000e+02
7.070312500000000000e+02
7.031250000000000000e+02
6.796875000000000000e+02
6.914062500000000000e+02
6.796875000000000000e+02
6.718750000000000000e+02
6.757812500000000000e+02
6.914062500000000000e+02
6.796875000000000000e+02
6.835937500000000000e+02
6.757812500000000000e+02
1.324218750000000000e+03
1.292968750000000000e+03
2.519531250000000000e+03
1.257812500000000000e+03
1.285156250000000000e+03
2.035156250000000000e+03
1.335937500000000000e+03
1.308593750000000000e+03
1.437500000000000000e+03
6.875000000000000000e+02
7.304687500000000000e+02
6.914062500000000000e+02
7.148437500000000000e+02
6.835937500000000000e+02
4.855468750000000000e+03
6.796875000000000000e+02
3.257812500000000000e+03
1.929687500000000000e+03
1.265625000000000000e+03
1.285156250000000000e+03
1.253906250000000000e+03
1.269531250000000000e+03
1.898437500000000000e+03
1.265625000000000000e+03
6.718750000000000000e+02
2.632812500000000000e+03
2.023437500000000000e+03
6.679687500000000000e+02
1.199609375000000000e+04
5.296875000000000000e+03
1.359375000000000000e+03
2.769531250000000000e+03
4.011718750000000000e+03
1.371093750000000000e+03
1.960937500000000000e+03
3.160156250000000000e+03
1.191406250000000000e+03
1.203125000000000000e+03
2.082031250000000000e+03
9.921875000000000000e+02
1.222656250000000000e+03
1.207031250000000000e+03
3.613281250000000000e+03
1.226562500000000000e+03
1.234375000000000000e+03
1.882812500000000000e+03
2.550781250000000000e+03
1.269531250000000000e+03
2.570312500000000000e+03
6.796875000000000000e+02
4.503906250000000000e+03
1.316406250000000000e+03
6.757812500000000000e+02
6.718750000000000000e+02
1.324218750000000000e+03
6.757812500000000000e+02
1.289062500000000000e+03
1.320312500000000000e+03
2.898437500000000000e+03
7.265625000000000000e+02
7.031250000000000000e+02
6.718750000000000000e+02
1.269531250000000000e+03
6.796875000000000000e+02
1.332031250000000000e+03
1.332031250000000000e+03
6.796875000000000000e+02
1.265625000000000000e+03
1.312500000000000000e+03
1.265625000000000000e+03
1.277343750000000000e+03
1.226562500000000000e+03
1.218750000000000000e+03
1.878906250000000000e+03
7.968750000000000000e+02
1.113281250000000000e+03
1.300781250000000000e+03
1.343750000000000000e+03
1.261718750000000000e+03
1.253906250000000000e+03
1.234375000000000000e+03
1.292968750000000000e+03
1.273437500000000000e+03
1.312500000000000000e+03
1.902343750000000000e+03
4.500000000000000000e+03
5.789062500000000000e+03
1.292968750000000000e+03
2.449218750000000000e+03
1.250000000000000000e+03
1.316406250000000000e+03
8.125000000000000000e+02
6.914062500000000000e+02
7.343750000000000000e+02
7.500000000000000000e+02
7.304687500000000000e+02
7.617187500000000000e+02
7.929687500000000000e+02
8.320312500000000000e+02
7.890625000000000000e+02
