7.031250000000000000e+02
7.187500000000000000e+02
7.226562500000000000e+02
7.226562500000000000e+02
7.031250000000000000e+02
7.500000000000000000e+02
7.695312500000000000e+02
7.890625000000000000e+02
7.148437500000000000e+02
6.757812500000000000e+02
7.148437500000000000e+02
7.578125000000000000e+02
8.203125000000000000e+02
7.929687500000000000e+02
7.500000000000000000e+02
8.867187500000000000e+02
8.828125000000000000e+02
8.320312500000000000e+02
7.460937500000000000e+02
7.109375000000000000e+02
7.734375000000000000e+02
7.968750000000000000e+02
7.929687500000000000e+02
7.382812500000000000e+02
7.109375000000000000e+02
7.343750000000000000e+02
7.421875000000000000e+02
7.382812500000000000e+02
6.992187500000000000e+02
6.835937500000000000e+02
7.070312500000000000e+02
7.812500000000000000e+02
6.992187500000000000e+02
1.871093750000000000e+03
1.824218750000000000e+03
1.230468750000000000e+03
1.250000000000000000e+03
1.019531250000000000e+03
7.734375000000000000e+02
1.148437500000000000e+03
1.156250000000000000e+03
1.746093750000000000e+03
1.183593750000000000e+03
1.210937500000000000e+03
1.781250000000000000e+03
1.207031250000000000e+03
1.183593750000000000e+03
1.808593750000000000e+03
1.859375000000000000e+04
3.710937500000000000e+03
1.214843750000000000e+03
1.781250000000000000e+03
1.207031250000000000e+03
1.207031250000000000e+03
2.375000000000000000e+03
1.777343750000000000e+03
1.757812500000000000e+03
1.781250000000000000e+03
1.816406250000000000e+03
5.527343750000000000e+03
1.230468750000000000e+03
1.222656250000000000e+03
1.218750000000000000e+03
1.207031250000000000e+03
1.199218750000000000e+03
1.191406250000000000e+03
1.242187500000000000e+03
1.843750000000000000e+03
3.605468750000000000e+03
1.820312500000000000e+03
1.839843750000000000e+03
1.203125000000000000e+03
1.785156250000000000e+03
1.796875000000000000e+03
1.210937500000000000e+03
1.808593750000000000e+03
1.792968750000000000e+03
1.167968750000000000e+03
2.292968750000000000e+03
1.714843750000000000e+03
1.738281250000000000e+03
1.171875000000000000e+03
1.757812500000000000e+03
1.789062500000000000e+03
1.187500000000000000e+03
1.191406250000000000e+03
1.179687500000000000e+03
1.183593750000000000e+03
1.187500000000000000e+03
1.183593750000000000e+03
1.816406250000000000e+03
1.187500000000000000e+03
1.156250000000000000e+03
1.144531250000000000e+03
1.144531250000000000e+03
1.734375000000000000e+03
1.167968750000000000e+03
1.160156250000000000e+03
1.144531250000000000e+03
1.144531250000000000e+03
1.738281250000000000e+03
1.156250000000000000e+03
1.746093750000000000e+03
1.164062500000000000e+03
1.226562500000000000e+03
1.234375000000000000e+03
1.839843750000000000e+03
4.847656250000000000e+03
1.214843750000000000e+03
1.804687500000000000e+03
1.183593750000000000e+03
1.179687500000000000e+03
1.191406250000000000e+03
1.187500000000000000e+03
1.183593750000000000e+03
1.183593750000000000e+03
1.757812500000000000e+03
1.179687500000000000e+03
1.207031250000000000e+03
1.816406250000000000e+03
1.789062500000000000e+03
1.156250000000000000e+03
1.710937500000000000e+03
1.171875000000000000e+03
2.386718750000000000e+03
1.203125000000000000e+03
1.179687500000000000e+03
1.160156250000000000e+03
1.718750000000000000e+03
1.156250000000000000e+03
1.167968750000000000e+03
1.195312500000000000e+03
1.191406250000000000e+03
1.796875000000000000e+03
1.789062500000000000e+03
1.203125000000000000e+03
1.214843750000000000e+03
1.207031250000000000e+03
1.789062500000000000e+03
1.164062500000000000e+03
1.164062500000000000e+03
1.789062500000000000e+03
1.179687500000000000e+03
1.804687500000000000e+03
1.218750000000000000e+03
1.195312500000000000e+03
1.742187500000000000e+03
1.750000000000000000e+03
1.804687500000000000e+03
1.203125000000000000e+03
1.207031250000000000e+03
1.183593750000000000e+03
1.074218750000000000e+03
6.835937500000000000e+02
1.714843750000000000e+03
1.121093750000000000e+03
1.105468750000000000e+03
1.140625000000000000e+03
1.792968750000000000e+03
1.230468750000000000e+03
1.214843750000000000e+03
1.191406250000000000e+03
1.167968750000000000e+03
1.164062500000000000e+03
1.136718750000000000e+03
1.718750000000000000e+03
2.479687500000000000e+04
1.824218750000000000e+03
1.839843750000000000e+03
1.203125000000000000e+03
1.191406250000000000e+03
1.765625000000000000e+03
3.988281250000000000e+03
2.278515625000000000e+04
1.121093750000000000e+03
3.570312500000000000e+03
1.824218750000000000e+03
2.441406250000000000e+03
1.210937500000000000e+03
1.214843750000000000e+03
1.340234375000000000e+04
1.149453125000000000e+05
4.457031250000000000e+03
1.036328125000000000e+04
6.914062500000000000e+02
2.664062500000000000e+03
1.803515625000000000e+04
3.207031250000000000e+03
1.257812500000000000e+03
1.859375000000000000e+03
1.199218750000000000e+03
1.199218750000000000e+03
1.851562500000000000e+03
1.234375000000000000e+03
1.348437500000000000e+04
1.226562500000000000e+03
1.859375000000000000e+03
1.242187500000000000e+03
2.375000000000000000e+03
1.160156250000000000e+03
1.156250000000000000e+03
1.160156250000000000e+03
2.292968750000000000e+03
3.488281250000000000e+03
1.820312500000000000e+03
9.113281250000000000e+03
3.675781250000000000e+03
2.421875000000000000e+03
1.203125000000000000e+03
1.210937500000000000e+03
1.187500000000000000e+03
1.199218750000000000e+03
1.210937500000000000e+03
1.804687500000000000e+03
1.199218750000000000e+03
1.191406250000000000e+03
1.179687500000000000e+03
4.718750000000000000e+03
1.422656250000000000e+04
5.230468750000000000e+03
2.609375000000000000e+03
1.269531250000000000e+03
2.589843750000000000e+03
1.273437500000000000e+03
1.273437500000000000e+03
1.261718750000000000e+03
1.226562500000000000e+03
4.269531250000000000e+04
1.019531250000000000e+04
2.417968750000000000e+03
1.843750000000000000e+03
1.214843750000000000e+03
1.222656250000000000e+03
1.847656250000000000e+03
9.230468750000000000e+04
1.679687500000000000e+03
1.171875000000000000e+03
1.746093750000000000e+03
1.199218750000000000e+03
1.812500000000000000e+03
1.832031250000000000e+03
1.792968750000000000e+03
1.750000000000000000e+03
1.171875000000000000e+03
1.183593750000000000e+03
1.191406250000000000e+03
1.187500000000000000e+03
3.204687500000000000e+04
1.292968750000000000e+03
1.277343750000000000e+03
1.242187500000000000e+03
1.816406250000000000e+03
1.218750000000000000e+03
7.402343750000000000e+03
1.863281250000000000e+03
1.929687500000000000e+03
1.292968750000000000e+03
1.945312500000000000e+03
1.292968750000000000e+03
1.242187500000000000e+03
1.238281250000000000e+03
1.234375000000000000e+03
