1.214843750000000000e+03
1.203125000000000000e+03
9.687500000000000000e+02
9.375000000000000000e+02
7.656250000000000000e+02
8.007812500000000000e+02
7.187500000000000000e+02
7.148437500000000000e+02
8.281250000000000000e+02
8.242187500000000000e+02
7.304687500000000000e+02
7.539062500000000000e+02
1.015625000000000000e+03
7.851562500000000000e+02
8.476562500000000000e+02
1.332031250000000000e+03
8.515625000000000000e+02
1.082031250000000000e+03
1.234375000000000000e+03
1.066406250000000000e+03
6.992187500000000000e+02
8.164062500000000000e+02
1.117187500000000000e+03
1.300781250000000000e+03
1.167968750000000000e+03
1.250000000000000000e+03
1.050781250000000000e+03
1.039062500000000000e+03
7.109375000000000000e+02
7.070312500000000000e+02
7.460937500000000000e+02
7.656250000000000000e+02
7.343750000000000000e+02
9.140625000000000000e+02
7.695312500000000000e+02
1.320312500000000000e+03
7.265625000000000000e+02
7.343750000000000000e+02
7.539062500000000000e+02
8.046875000000000000e+02
7.968750000000000000e+02
7.812500000000000000e+02
1.292968750000000000e+03
1.445312500000000000e+03
1.089843750000000000e+03
8.398437500000000000e+02
1.035156250000000000e+03
1.042968750000000000e+03
8.281250000000000000e+02
7.500000000000000000e+02
7.773437500000000000e+02
7.773437500000000000e+02
7.695312500000000000e+02
7.578125000000000000e+02
1.035156250000000000e+03
1.289062500000000000e+03
8.476562500000000000e+02
8.554687500000000000e+02
1.277343750000000000e+03
8.828125000000000000e+02
1.218750000000000000e+03
7.968750000000000000e+02
7.851562500000000000e+02
8.007812500000000000e+02
7.812500000000000000e+02
8.007812500000000000e+02
8.046875000000000000e+02
8.437500000000000000e+02
8.007812500000000000e+02
8.203125000000000000e+02
6.875000000000000000e+02
8.828125000000000000e+02
1.179687500000000000e+03
1.117187500000000000e+03
7.812500000000000000e+02
7.773437500000000000e+02
7.890625000000000000e+02
7.851562500000000000e+02
8.007812500000000000e+02
8.164062500000000000e+02
7.656250000000000000e+02
7.460937500000000000e+02
7.695312500000000000e+02
8.164062500000000000e+02
8.671875000000000000e+02
8.359375000000000000e+02
8.867187500000000000e+02
8.359375000000000000e+02
7.851562500000000000e+02
7.968750000000000000e+02
7.656250000000000000e+02
7.500000000000000000e+02
7.539062500000000000e+02
7.929687500000000000e+02
8.437500000000000000e+02
8.164062500000000000e+02
8.906250000000000000e+02
8.242187500000000000e+02
8.515625000000000000e+02
8.007812500000000000e+02
8.007812500000000000e+02
7.968750000000000000e+02
8.203125000000000000e+02
7.890625000000000000e+02
8.007812500000000000e+02
7.929687500000000000e+02
1.203125000000000000e+03
1.179687500000000000e+03
8.359375000000000000e+02
8.320312500000000000e+02
8.398437500000000000e+02
8.203125000000000000e+02
7.851562500000000000e+02
7.656250000000000000e+02
7.656250000000000000e+02
7.460937500000000000e+02
7.539062500000000000e+02
7.656250000000000000e+02
7.539062500000000000e+02
7.617187500000000000e+02
7.773437500000000000e+02
8.320312500000000000e+02
8.085937500000000000e+02
8.320312500000000000e+02
8.203125000000000000e+02
8.867187500000000000e+02
8.085937500000000000e+02
8.320312500000000000e+02
8.203125000000000000e+02
8.203125000000000000e+02
7.929687500000000000e+02
1.160156250000000000e+03
8.281250000000000000e+02
7.148437500000000000e+02
7.656250000000000000e+02
1.140625000000000000e+03
7.968750000000000000e+02
8.515625000000000000e+02
7.851562500000000000e+02
8.828125000000000000e+02
7.460937500000000000e+02
8.085937500000000000e+02
7.890625000000000000e+02
7.500000000000000000e+02
7.890625000000000000e+02
7.539062500000000000e+02
7.617187500000000000e+02
6.992187500000000000e+02
7.304687500000000000e+02
7.851562500000000000e+02
7.187500000000000000e+02
7.500000000000000000e+02
6.835937500000000000e+02
6.679687500000000000e+02
8.359375000000000000e+02
6.796875000000000000e+02
6.835937500000000000e+02
1.234375000000000000e+03
6.679687500000000000e+02
6.992187500000000000e+02
7.851562500000000000e+02
8.476562500000000000e+02
1.003906250000000000e+03
1.472656250000000000e+03
8.984375000000000000e+02
9.921875000000000000e+02
9.335937500000000000e+02
1.339843750000000000e+03
7.187500000000000000e+02
7.578125000000000000e+02
8.242187500000000000e+02
8.398437500000000000e+02
8.125000000000000000e+02
8.515625000000000000e+02
1.414062500000000000e+03
9.726562500000000000e+02
8.593750000000000000e+02
7.890625000000000000e+02
9.960937500000000000e+02
1.292968750000000000e+03
9.804687500000000000e+02
1.015625000000000000e+03
1.164062500000000000e+03
1.906250000000000000e+03
7.421875000000000000e+02
8.125000000000000000e+02
1.750000000000000000e+03
8.398437500000000000e+02
8.828125000000000000e+02
2.140625000000000000e+03
6.796875000000000000e+02
1.179687500000000000e+03
8.203125000000000000e+02
8.906250000000000000e+02
1.242187500000000000e+03
7.343750000000000000e+02
7.265625000000000000e+02
7.460937500000000000e+02
7.851562500000000000e+02
7.578125000000000000e+02
8.085937500000000000e+02
7.929687500000000000e+02
7.851562500000000000e+02
7.578125000000000000e+02
7.851562500000000000e+02
8.085937500000000000e+02
7.617187500000000000e+02
7.734375000000000000e+02
7.851562500000000000e+02
8.046875000000000000e+02
7.617187500000000000e+02
7.812500000000000000e+02
8.125000000000000000e+02
8.007812500000000000e+02
7.968750000000000000e+02
7.656250000000000000e+02
8.007812500000000000e+02
7.695312500000000000e+02
7.539062500000000000e+02
8.046875000000000000e+02
7.656250000000000000e+02
7.617187500000000000e+02
7.656250000000000000e+02
7.734375000000000000e+02
1.558593750000000000e+03
7.695312500000000000e+02
7.851562500000000000e+02
8.085937500000000000e+02
7.734375000000000000e+02
7.851562500000000000e+02
8.164062500000000000e+02
7.851562500000000000e+02
7.617187500000000000e+02
7.968750000000000000e+02
8.007812500000000000e+02
7.812500000000000000e+02
7.890625000000000000e+02
8.242187500000000000e+02
7.734375000000000000e+02
7.812500000000000000e+02
8.046875000000000000e+02
8.085937500000000000e+02
7.851562500000000000e+02
8.164062500000000000e+02
8.085937500000000000e+02
8.046875000000000000e+02
7.695312500000000000e+02
7.968750000000000000e+02
8.007812500000000000e+02
8.046875000000000000e+02
7.890625000000000000e+02
7.929687500000000000e+02
8.085937500000000000e+02
8.085937500000000000e+02
7.929687500000000000e+02
8.242187500000000000e+02
8.007812500000000000e+02
7.656250000000000000e+02
7.851562500000000000e+02
7.929687500000000000e+02
7.304687500000000000e+02
1.445312500000000000e+03
7.031250000000000000e+02
1.460937500000000000e+03
7.382812500000000000e+02
7.773437500000000000e+02
7.851562500000000000e+02
7.656250000000000000e+02
7.734375000000000000e+02
7.851562500000000000e+02
7.734375000000000000e+02
7.695312500000000000e+02
7.617187500000000000e+02
7.851562500000000000e+02
7.695312500000000000e+02
7.968750000000000000e+02
1.398437500000000000e+03
7.109375000000000000e+02
7.070312500000000000e+02
8.710937500000000000e+02
6.875000000000000000e+02
9.296875000000000000e+02
7.031250000000000000e+02
7.851562500000000000e+02
1.164062500000000000e+03
1.132812500000000000e+03
6.835937500000000000e+02
1.000000000000000000e+03
7.304687500000000000e+02
8.046875000000000000e+02
6.796875000000000000e+02
8.554687500000000000e+02
7.656250000000000000e+02
7.148437500000000000e+02
1.148437500000000000e+03
8.945312500000000000e+02
6.679687500000000000e+02
7.304687500000000000e+02
8.398437500000000000e+02
1.148437500000000000e+03
7.187500000000000000e+02
1.035156250000000000e+03
