1.281250000000000000e+03
1.269531250000000000e+03
1.726562500000000000e+03
1.332031250000000000e+03
1.289062500000000000e+03
1.312500000000000000e+03
1.273437500000000000e+03
1.257812500000000000e+03
1.238281250000000000e+03
1.316406250000000000e+03
1.292968750000000000e+03
6.679687500000000000e+02
6.718750000000000000e+02
1.250000000000000000e+03
1.324218750000000000e+03
1.332031250000000000e+03
6.679687500000000000e+02
6.875000000000000000e+02
1.332031250000000000e+03
1.328125000000000000e+03
6.914062500000000000e+02
1.339843750000000000e+03
7.343750000000000000e+02
6.875000000000000000e+02
6.718750000000000000e+02
6.914062500000000000e+02
6.757812500000000000e+02
1.316406250000000000e+03
6.992187500000000000e+02
6.796875000000000000e+02
1.339843750000000000e+03
7.460937500000000000e+02
7.070312500000000000e+02
6.757812500000000000e+02
6.718750000000000000e+02
6.796875000000000000e+02
1.898437500000000000e+03
1.324218750000000000e+03
6.992187500000000000e+02
7.304687500000000000e+02
1.328125000000000000e+03
6.953125000000000000e+02
1.324218750000000000e+03
6.718750000000000000e+02
1.039062500000000000e+03
9.296875000000000000e+02
6.718750000000000000e+02
1.996093750000000000e+03
6.835937500000000000e+02
6.992187500000000000e+02
9.375000000000000000e+02
9.804687500000000000e+02
7.656250000000000000e+02
6.757812500000000000e+02
6.757812500000000000e+02
8.710937500000000000e+02
7.500000000000000000e+02
1.203125000000000000e+03
1.261718750000000000e+03
8.750000000000000000e+02
9.492187500000000000e+02
6.992187500000000000e+02
6.796875000000000000e+02
9.296875000000000000e+02
1.054687500000000000e+03
1.296875000000000000e+03
6.875000000000000000e+02
1.300781250000000000e+03
7.187500000000000000e+02
6.796875000000000000e+02
9.296875000000000000e+02
1.250000000000000000e+03
8.554687500000000000e+02
9.023437500000000000e+02
1.003906250000000000e+03
2.554687500000000000e+03
1.039062500000000000e+03
1.171875000000000000e+03
2.632812500000000000e+03
6.757812500000000000e+02
8.281250000000000000e+02
9.960937500000000000e+02
1.226562500000000000e+03
1.257812500000000000e+03
1.222656250000000000e+03
7.382812500000000000e+02
7.773437500000000000e+02
7.382812500000000000e+02
8.046875000000000000e+02
1.382812500000000000e+03
1.007812500000000000e+03
8.632812500000000000e+02
6.953125000000000000e+02
1.121093750000000000e+03
1.121093750000000000e+03
8.828125000000000000e+02
1.066406250000000000e+03
7.773437500000000000e+02
9.804687500000000000e+02
7.851562500000000000e+02
7.031250000000000000e+02
6.953125000000000000e+02
7.187500000000000000e+02
7.031250000000000000e+02
7.031250000000000000e+02
8.398437500000000000e+02
8.359375000000000000e+02
7.695312500000000000e+02
7.890625000000000000e+02
7.695312500000000000e+02
6.835937500000000000e+02
7.773437500000000000e+02
7.578125000000000000e+02
6.953125000000000000e+02
6.796875000000000000e+02
6.835937500000000000e+02
7.031250000000000000e+02
1.343750000000000000e+03
1.312500000000000000e+03
6.718750000000000000e+02
7.070312500000000000e+02
1.265625000000000000e+03
1.261718750000000000e+03
6.757812500000000000e+02
6.679687500000000000e+02
7.148437500000000000e+02
7.070312500000000000e+02
6.992187500000000000e+02
6.875000000000000000e+02
6.914062500000000000e+02
7.539062500000000000e+02
7.187500000000000000e+02
6.992187500000000000e+02
6.796875000000000000e+02
7.500000000000000000e+02
1.191406250000000000e+03
1.058593750000000000e+03
6.679687500000000000e+02
8.632812500000000000e+02
7.539062500000000000e+02
7.382812500000000000e+02
1.414062500000000000e+03
8.984375000000000000e+02
7.109375000000000000e+02
7.500000000000000000e+02
7.070312500000000000e+02
1.296875000000000000e+03
7.460937500000000000e+02
9.296875000000000000e+02
7.304687500000000000e+02
8.085937500000000000e+02
6.796875000000000000e+02
7.187500000000000000e+02
1.437500000000000000e+03
7.773437500000000000e+02
8.007812500000000000e+02
8.320312500000000000e+02
8.046875000000000000e+02
8.710937500000000000e+02
9.804687500000000000e+02
6.796875000000000000e+02
7.968750000000000000e+02
8.085937500000000000e+02
7.734375000000000000e+02
7.812500000000000000e+02
8.554687500000000000e+02
7.070312500000000000e+02
6.953125000000000000e+02
6.835937500000000000e+02
6.914062500000000000e+02
7.031250000000000000e+02
6.953125000000000000e+02
7.500000000000000000e+02
6.796875000000000000e+02
6.796875000000000000e+02
7.148437500000000000e+02
6.992187500000000000e+02
1.394531250000000000e+03
7.617187500000000000e+02
1.632812500000000000e+03
7.812500000000000000e+02
1.136718750000000000e+03
8.867187500000000000e+02
1.289062500000000000e+03
9.960937500000000000e+02
9.492187500000000000e+02
1.250000000000000000e+03
7.968750000000000000e+02
1.140625000000000000e+03
6.914062500000000000e+02
6.757812500000000000e+02
6.875000000000000000e+02
6.992187500000000000e+02
6.796875000000000000e+02
7.109375000000000000e+02
7.187500000000000000e+02
7.265625000000000000e+02
1.304687500000000000e+03
7.773437500000000000e+02
6.796875000000000000e+02
6.875000000000000000e+02
7.460937500000000000e+02
7.382812500000000000e+02
8.085937500000000000e+02
1.316406250000000000e+03
8.125000000000000000e+02
7.265625000000000000e+02
7.695312500000000000e+02
7.265625000000000000e+02
7.812500000000000000e+02
7.343750000000000000e+02
6.992187500000000000e+02
7.890625000000000000e+02
7.460937500000000000e+02
7.031250000000000000e+02
7.851562500000000000e+02
8.125000000000000000e+02
6.992187500000000000e+02
7.265625000000000000e+02
7.734375000000000000e+02
8.007812500000000000e+02
7.656250000000000000e+02
1.359375000000000000e+03
8.867187500000000000e+02
7.031250000000000000e+02
1.015625000000000000e+03
9.648437500000000000e+02
6.679687500000000000e+02
8.164062500000000000e+02
1.246093750000000000e+03
6.718750000000000000e+02
1.132812500000000000e+03
9.648437500000000000e+02
1.324218750000000000e+03
1.281250000000000000e+03
1.636718750000000000e+03
6.992187500000000000e+02
7.187500000000000000e+02
7.734375000000000000e+02
7.304687500000000000e+02
7.773437500000000000e+02
1.191406250000000000e+03
1.367187500000000000e+03
8.437500000000000000e+02
1.242187500000000000e+03
6.718750000000000000e+02
1.355468750000000000e+03
1.210937500000000000e+03
1.226562500000000000e+03
6.796875000000000000e+02
8.398437500000000000e+02
6.875000000000000000e+02
1.062500000000000000e+03
1.082031250000000000e+03
1.054687500000000000e+03
1.257812500000000000e+03
6.796875000000000000e+02
9.296875000000000000e+02
9.882812500000000000e+02
1.347656250000000000e+03
7.148437500000000000e+02
6.679687500000000000e+02
6.835937500000000000e+02
6.875000000000000000e+02
7.265625000000000000e+02
6.953125000000000000e+02
9.570312500000000000e+02
1.011718750000000000e+03
1.121093750000000000e+03
7.460937500000000000e+02
7.265625000000000000e+02
1.304687500000000000e+03
1.167968750000000000e+03
8.359375000000000000e+02
7.031250000000000000e+02
6.953125000000000000e+02
7.109375000000000000e+02
1.398437500000000000e+03
7.148437500000000000e+02
1.347656250000000000e+03
1.070312500000000000e+03
1.621093750000000000e+03
6.914062500000000000e+02
1.410156250000000000e+03
1.347656250000000000e+03
7.265625000000000000e+02
6.796875000000000000e+02
6.757812500000000000e+02
9.414062500000000000e+02
1.492187500000000000e+03
8.750000000000000000e+02
8.125000000000000000e+02
9.921875000000000000e+02
7.382812500000000000e+02
1.218750000000000000e+03
1.941406250000000000e+03
1.156250000000000000e+03
8.242187500000000000e+02
1.117187500000000000e+03
9.101562500000000000e+02
1.304687500000000000e+03
1.058593750000000000e+03
8.281250000000000000e+02
6.718750000000000000e+02
1.300781250000000000e+03
1.371093750000000000e+03
7.656250000000000000e+02
8.007812500000000000e+02
8.203125000000000000e+02
8.242187500000000000e+02
7.812500000000000000e+02
7.460937500000000000e+02
8.242187500000000000e+02
8.359375000000000000e+02
8.867187500000000000e+02
9.375000000000000000e+02
8.828125000000000000e+02
9.140625000000000000e+02
8.906250000000000000e+02
1.257812500000000000e+03
1.335937500000000000e+03
1.140625000000000000e+03
7.210937500000000000e+03
7.851562500000000000e+02
7.226562500000000000e+02
1.167968750000000000e+03
1.164062500000000000e+03
6.679687500000000000e+02
2.015625000000000000e+03
6.992187500000000000e+02
1.332031250000000000e+03
6.992187500000000000e+02
1.183593750000000000e+03
7.890625000000000000e+02
7.187500000000000000e+02
6.679687500000000000e+02
6.875000000000000000e+02
7.031250000000000000e+02
7.109375000000000000e+02
7.734375000000000000e+02
7.148437500000000000e+02
7.617187500000000000e+02
1.351562500000000000e+03
1.324218750000000000e+03
1.328125000000000000e+03
1.261718750000000000e+03
1.339843750000000000e+03
1.292968750000000000e+03
6.992187500000000000e+02
1.328125000000000000e+03
1.406250000000000000e+03
6.718750000000000000e+02
1.390625000000000000e+03
6.796875000000000000e+02
6.875000000000000000e+02
1.316406250000000000e+03
6.757812500000000000e+02
7.070312500000000000e+02
1.296875000000000000e+03
6.992187500000000000e+02
1.976562500000000000e+03
1.308593750000000000e+03
6.875000000000000000e+02
1.281250000000000000e+03
1.359375000000000000e+03
6.718750000000000000e+02
6.796875000000000000e+02
6.679687500000000000e+02
6.875000000000000000e+02
2.000000000000000000e+03
2.019531250000000000e+03
1.289062500000000000e+03
