1.890625000000000000e+03
1.238281250000000000e+03
1.878906250000000000e+03
1.269531250000000000e+03
6.718750000000000000e+02
6.914062500000000000e+02
6.992187500000000000e+02
7.148437500000000000e+02
7.304687500000000000e+02
7.304687500000000000e+02
1.460937500000000000e+03
7.343750000000000000e+02
7.226562500000000000e+02
7.109375000000000000e+02
6.992187500000000000e+02
6.796875000000000000e+02
1.332031250000000000e+03
6.757812500000000000e+02
6.992187500000000000e+02
7.265625000000000000e+02
7.304687500000000000e+02
7.343750000000000000e+02
7.500000000000000000e+02
7.617187500000000000e+02
7.539062500000000000e+02
7.734375000000000000e+02
7.773437500000000000e+02
7.617187500000000000e+02
1.531250000000000000e+03
7.656250000000000000e+02
7.500000000000000000e+02
7.617187500000000000e+02
7.812500000000000000e+02
7.812500000000000000e+02
1.574218750000000000e+03
1.007812500000000000e+03
1.105468750000000000e+03
1.082031250000000000e+03
1.417968750000000000e+03
7.617187500000000000e+02
7.656250000000000000e+02
1.550781250000000000e+03
2.406250000000000000e+03
3.328125000000000000e+03
3.531250000000000000e+03
8.984375000000000000e+02
8.554687500000000000e+02
3.371093750000000000e+03
8.203125000000000000e+02
2.625000000000000000e+03
8.984375000000000000e+02
2.851562500000000000e+03
8.867187500000000000e+02
9.101562500000000000e+02
9.375000000000000000e+02
9.023437500000000000e+02
9.296875000000000000e+02
9.609375000000000000e+02
9.492187500000000000e+02
9.882812500000000000e+02
9.843750000000000000e+02
9.414062500000000000e+02
9.687500000000000000e+02
9.765625000000000000e+02
4.777343750000000000e+03
9.257812500000000000e+02
9.335937500000000000e+02
8.867187500000000000e+02
8.632812500000000000e+02
8.710937500000000000e+02
8.710937500000000000e+02
8.437500000000000000e+02
8.359375000000000000e+02
8.437500000000000000e+02
8.632812500000000000e+02
8.593750000000000000e+02
8.828125000000000000e+02
9.023437500000000000e+02
8.906250000000000000e+02
8.515625000000000000e+02
8.828125000000000000e+02
8.984375000000000000e+02
9.179687500000000000e+02
9.218750000000000000e+02
9.570312500000000000e+02
9.570312500000000000e+02
9.257812500000000000e+02
9.414062500000000000e+02
8.828125000000000000e+02
8.750000000000000000e+02
8.750000000000000000e+02
8.593750000000000000e+02
8.242187500000000000e+02
8.320312500000000000e+02
8.203125000000000000e+02
7.812500000000000000e+02
7.773437500000000000e+02
7.539062500000000000e+02
1.148437500000000000e+03
1.066406250000000000e+03
7.265625000000000000e+02
8.789062500000000000e+02
1.312500000000000000e+03
7.187500000000000000e+02
7.031250000000000000e+02
7.187500000000000000e+02
1.492187500000000000e+03
7.460937500000000000e+02
7.382812500000000000e+02
7.617187500000000000e+02
7.656250000000000000e+02
7.656250000000000000e+02
7.890625000000000000e+02
8.007812500000000000e+02
8.085937500000000000e+02
8.007812500000000000e+02
8.164062500000000000e+02
8.476562500000000000e+02
8.398437500000000000e+02
8.476562500000000000e+02
8.359375000000000000e+02
8.437500000000000000e+02
8.554687500000000000e+02
8.867187500000000000e+02
8.515625000000000000e+02
8.593750000000000000e+02
8.906250000000000000e+02
8.281250000000000000e+02
8.554687500000000000e+02
9.062500000000000000e+02
8.789062500000000000e+02
8.945312500000000000e+02
9.218750000000000000e+02
8.945312500000000000e+02
9.062500000000000000e+02
9.140625000000000000e+02
8.515625000000000000e+02
8.515625000000000000e+02
8.437500000000000000e+02
8.085937500000000000e+02
8.125000000000000000e+02
8.281250000000000000e+02
8.085937500000000000e+02
7.968750000000000000e+02
8.125000000000000000e+02
7.773437500000000000e+02
7.578125000000000000e+02
7.851562500000000000e+02
8.320312500000000000e+02
8.710937500000000000e+02
8.593750000000000000e+02
9.062500000000000000e+02
9.296875000000000000e+02
9.062500000000000000e+02
9.179687500000000000e+02
9.375000000000000000e+02
9.101562500000000000e+02
8.867187500000000000e+02
9.648437500000000000e+02
9.882812500000000000e+02
9.960937500000000000e+02
1.003906250000000000e+03
1.019531250000000000e+03
9.843750000000000000e+02
1.007812500000000000e+03
1.007812500000000000e+03
9.492187500000000000e+02
9.609375000000000000e+02
8.750000000000000000e+02
8.945312500000000000e+02
7.734375000000000000e+02
9.609375000000000000e+02
8.320312500000000000e+02
8.281250000000000000e+02
8.164062500000000000e+02
8.242187500000000000e+02
8.242187500000000000e+02
8.164062500000000000e+02
1.652343750000000000e+03
8.125000000000000000e+02
8.203125000000000000e+02
8.320312500000000000e+02
8.085937500000000000e+02
2.417968750000000000e+03
8.242187500000000000e+02
8.515625000000000000e+02
1.097656250000000000e+03
1.406250000000000000e+03
1.621093750000000000e+03
1.476562500000000000e+03
8.476562500000000000e+02
7.773437500000000000e+02
2.332031250000000000e+03
7.890625000000000000e+02
1.578125000000000000e+03
7.968750000000000000e+02
2.863281250000000000e+03
1.148437500000000000e+03
7.941406250000000000e+03
1.593750000000000000e+03
1.798046875000000000e+04
1.792968750000000000e+03
8.710937500000000000e+02
2.406250000000000000e+03
4.261718750000000000e+03
8.867187500000000000e+02
1.648437500000000000e+03
7.539062500000000000e+04
8.789062500000000000e+02
3.098437500000000000e+04
3.910156250000000000e+03
3.746093750000000000e+03
7.421875000000000000e+02
7.382812500000000000e+02
2.272656250000000000e+04
2.390625000000000000e+03
7.968750000000000000e+02
8.046875000000000000e+02
1.562500000000000000e+03
7.539062500000000000e+02
7.578125000000000000e+02
7.421875000000000000e+02
4.558593750000000000e+03
8.007812500000000000e+02
2.476562500000000000e+03
1.691406250000000000e+03
5.675781250000000000e+03
8.046875000000000000e+02
8.398437500000000000e+02
8.671875000000000000e+02
8.515625000000000000e+02
8.750000000000000000e+02
1.761718750000000000e+03
1.730468750000000000e+03
8.828125000000000000e+02
1.722656250000000000e+03
1.734375000000000000e+03
8.632812500000000000e+02
8.867187500000000000e+02
8.906250000000000000e+02
8.554687500000000000e+02
8.554687500000000000e+02
8.632812500000000000e+02
8.281250000000000000e+02
8.203125000000000000e+02
8.359375000000000000e+02
8.632812500000000000e+02
1.683593750000000000e+03
8.437500000000000000e+02
8.437500000000000000e+02
8.320312500000000000e+02
8.515625000000000000e+02
2.582031250000000000e+03
8.632812500000000000e+02
1.722656250000000000e+03
8.671875000000000000e+02
8.984375000000000000e+02
8.906250000000000000e+02
8.906250000000000000e+02
8.515625000000000000e+02
8.476562500000000000e+02
8.632812500000000000e+02
8.593750000000000000e+02
8.242187500000000000e+02
8.007812500000000000e+02
7.968750000000000000e+02
8.203125000000000000e+02
8.242187500000000000e+02
8.632812500000000000e+02
8.906250000000000000e+02
8.710937500000000000e+02
1.621093750000000000e+03
9.960937500000000000e+02
8.164062500000000000e+02
8.281250000000000000e+02
8.125000000000000000e+02
7.968750000000000000e+02
7.734375000000000000e+02
1.546875000000000000e+03
7.421875000000000000e+02
7.343750000000000000e+02
7.265625000000000000e+02
7.148437500000000000e+02
7.031250000000000000e+02
6.875000000000000000e+02
1.363281250000000000e+03
7.929687500000000000e+02
1.250000000000000000e+03
6.992187500000000000e+02
7.109375000000000000e+02
1.109375000000000000e+03
1.054687500000000000e+03
7.617187500000000000e+02
7.578125000000000000e+02
1.496093750000000000e+03
1.414062500000000000e+03
6.992187500000000000e+02
1.367187500000000000e+03
2.195312500000000000e+03
1.570312500000000000e+03
1.597656250000000000e+03
1.707031250000000000e+03
1.550781250000000000e+03
8.242187500000000000e+02
8.046875000000000000e+02
1.617187500000000000e+03
7.968750000000000000e+02
7.812500000000000000e+02
7.890625000000000000e+02
1.550781250000000000e+03
