1.300781250000000000e+03
6.992187500000000000e+02
1.218750000000000000e+03
1.199218750000000000e+03
1.015625000000000000e+03
3.218750000000000000e+03
8.671875000000000000e+02
6.835937500000000000e+02
1.132812500000000000e+03
6.835937500000000000e+02
6.992187500000000000e+02
8.007812500000000000e+02
6.835937500000000000e+02
8.828125000000000000e+02
1.382812500000000000e+03
6.835937500000000000e+02
9.492187500000000000e+02
1.000000000000000000e+03
1.082031250000000000e+03
6.992187500000000000e+02
6.835937500000000000e+02
1.199218750000000000e+03
9.492187500000000000e+02
8.164062500000000000e+02
6.992187500000000000e+02
8.828125000000000000e+02
6.992187500000000000e+02
9.492187500000000000e+02
8.828125000000000000e+02
7.656250000000000000e+02
9.492187500000000000e+02
1.265625000000000000e+03
1.000000000000000000e+03
7.656250000000000000e+02
6.992187500000000000e+02
8.007812500000000000e+02
7.812500000000000000e+02
1.449218750000000000e+03
1.882812500000000000e+03
4.480468750000000000e+03
1.683593750000000000e+03
6.992187500000000000e+02
1.000000000000000000e+03
7.304687500000000000e+02
9.687500000000000000e+02
4.300781250000000000e+03
2.890625000000000000e+03
7.460937500000000000e+02
9.609375000000000000e+02
1.281250000000000000e+03
2.714843750000000000e+03
6.835937500000000000e+02
7.656250000000000000e+02
2.921875000000000000e+03
8.320312500000000000e+02
7.656250000000000000e+02
1.523437500000000000e+03
7.070312500000000000e+02
7.656250000000000000e+02
1.285156250000000000e+03
7.343750000000000000e+02
9.765625000000000000e+02
9.882812500000000000e+02
1.250000000000000000e+03
9.257812500000000000e+02
6.718750000000000000e+02
1.023437500000000000e+03
9.648437500000000000e+02
6.679687500000000000e+02
9.648437500000000000e+02
6.992187500000000000e+02
1.082031250000000000e+03
6.992187500000000000e+02
7.343750000000000000e+02
7.812500000000000000e+02
6.835937500000000000e+02
7.656250000000000000e+02
6.992187500000000000e+02
1.105468750000000000e+03
1.117187500000000000e+03
2.507812500000000000e+03
7.656250000000000000e+02
1.699218750000000000e+03
7.500000000000000000e+02
1.281250000000000000e+03
7.500000000000000000e+02
4.082031250000000000e+03
6.992187500000000000e+02
6.835937500000000000e+02
6.992187500000000000e+02
1.050781250000000000e+03
2.214843750000000000e+03
7.500000000000000000e+02
8.828125000000000000e+02
1.082031250000000000e+03
1.000000000000000000e+03
7.500000000000000000e+02
1.214843750000000000e+03
1.199218750000000000e+03
7.500000000000000000e+02
7.656250000000000000e+02
6.992187500000000000e+02
9.492187500000000000e+02
1.632812500000000000e+03
2.730468750000000000e+03
1.148437500000000000e+03
7.746093750000000000e+03
6.093750000000000000e+03
1.750000000000000000e+03
3.851562500000000000e+03
2.269531250000000000e+03
2.699218750000000000e+03
1.339843750000000000e+03
2.316406250000000000e+03
1.601562500000000000e+03
1.109375000000000000e+03
1.164062500000000000e+03
6.796875000000000000e+02
1.335937500000000000e+03
7.500000000000000000e+02
8.671875000000000000e+02
1.285156250000000000e+03
8.828125000000000000e+02
1.347656250000000000e+03
1.000000000000000000e+03
8.164062500000000000e+02
9.335937500000000000e+02
7.656250000000000000e+02
7.500000000000000000e+02
9.335937500000000000e+02
1.132812500000000000e+03
6.835937500000000000e+02
9.843750000000000000e+02
1.082031250000000000e+03
6.679687500000000000e+02
9.648437500000000000e+02
6.835937500000000000e+02
7.500000000000000000e+02
8.828125000000000000e+02
1.000000000000000000e+03
1.132812500000000000e+03
7.500000000000000000e+02
8.828125000000000000e+02
1.484375000000000000e+03
1.417968750000000000e+03
1.265625000000000000e+03
1.015625000000000000e+03
1.000000000000000000e+03
6.679687500000000000e+02
7.656250000000000000e+02
1.066406250000000000e+03
6.835937500000000000e+02
7.656250000000000000e+02
8.671875000000000000e+02
8.828125000000000000e+02
6.835937500000000000e+02
1.066406250000000000e+03
8.671875000000000000e+02
1.316406250000000000e+03
8.398437500000000000e+02
6.757812500000000000e+02
6.679687500000000000e+02
7.656250000000000000e+02
8.671875000000000000e+02
6.992187500000000000e+02
8.671875000000000000e+02
8.320312500000000000e+02
7.500000000000000000e+02
1.000000000000000000e+03
8.828125000000000000e+02
1.101562500000000000e+03
7.656250000000000000e+02
7.500000000000000000e+02
8.320312500000000000e+02
7.343750000000000000e+02
1.082031250000000000e+03
7.500000000000000000e+02
6.835937500000000000e+02
6.992187500000000000e+02
9.335937500000000000e+02
7.695312500000000000e+02
1.363281250000000000e+03
8.828125000000000000e+02
6.992187500000000000e+02
2.132812500000000000e+03
8.007812500000000000e+02
6.992187500000000000e+02
8.671875000000000000e+02
9.648437500000000000e+02
1.000000000000000000e+03
1.066406250000000000e+03
1.250000000000000000e+03
7.500000000000000000e+02
9.492187500000000000e+02
1.250000000000000000e+03
8.164062500000000000e+02
1.199218750000000000e+03
7.695312500000000000e+02
8.984375000000000000e+02
9.843750000000000000e+02
1.015625000000000000e+03
7.343750000000000000e+02
8.164062500000000000e+02
8.320312500000000000e+02
9.843750000000000000e+02
1.066406250000000000e+03
1.000000000000000000e+03
1.117187500000000000e+03
9.843750000000000000e+02
1.234375000000000000e+03
7.656250000000000000e+02
9.179687500000000000e+02
7.500000000000000000e+02
6.835937500000000000e+02
7.343750000000000000e+02
8.164062500000000000e+02
7.500000000000000000e+02
7.343750000000000000e+02
8.085937500000000000e+02
1.226562500000000000e+03
7.187500000000000000e+02
1.464843750000000000e+03
8.632812500000000000e+02
8.007812500000000000e+02
1.707031250000000000e+03
7.421875000000000000e+02
1.183593750000000000e+03
8.164062500000000000e+02
8.164062500000000000e+02
7.656250000000000000e+02
6.835937500000000000e+02
1.199218750000000000e+03
7.500000000000000000e+02
8.164062500000000000e+02
8.671875000000000000e+02
1.531250000000000000e+03
9.492187500000000000e+02
6.835937500000000000e+02
8.093750000000000000e+03
7.500000000000000000e+02
1.332031250000000000e+03
8.828125000000000000e+02
1.066406250000000000e+03
1.433593750000000000e+03
7.656250000000000000e+02
2.328125000000000000e+03
6.914062500000000000e+02
6.992187500000000000e+02
1.015625000000000000e+03
1.183593750000000000e+03
8.359375000000000000e+02
1.148437500000000000e+03
1.050781250000000000e+03
6.835937500000000000e+02
7.343750000000000000e+02
1.117187500000000000e+03
1.000000000000000000e+03
7.851562500000000000e+02
1.234375000000000000e+03
8.164062500000000000e+02
7.656250000000000000e+02
8.164062500000000000e+02
6.835937500000000000e+02
8.164062500000000000e+02
1.234375000000000000e+03
1.132812500000000000e+03
6.679687500000000000e+02
8.671875000000000000e+02
7.929687500000000000e+02
9.492187500000000000e+02
1.132812500000000000e+03
6.679687500000000000e+02
1.000000000000000000e+03
1.316406250000000000e+03
6.835937500000000000e+02
6.679687500000000000e+02
9.140625000000000000e+02
9.648437500000000000e+02
6.679687500000000000e+02
6.757812500000000000e+02
8.632812500000000000e+02
8.046875000000000000e+02
1.164062500000000000e+03
9.921875000000000000e+02
8.164062500000000000e+02
7.812500000000000000e+02
8.359375000000000000e+02
1.265625000000000000e+03
1.000000000000000000e+03
6.835937500000000000e+02
7.148437500000000000e+02
9.492187500000000000e+02
1.199218750000000000e+03
1.332031250000000000e+03
8.710937500000000000e+02
1.046875000000000000e+03
7.500000000000000000e+02
6.835937500000000000e+02
1.250000000000000000e+03
1.316406250000000000e+03
6.992187500000000000e+02
1.414062500000000000e+03
2.019531250000000000e+03
1.000000000000000000e+03
1.117187500000000000e+03
7.500000000000000000e+02
8.164062500000000000e+02
9.335937500000000000e+02
1.183593750000000000e+03
1.117187500000000000e+03
7.343750000000000000e+02
6.835937500000000000e+02
8.828125000000000000e+02
6.835937500000000000e+02
1.183593750000000000e+03
7.500000000000000000e+02
1.167968750000000000e+03
6.992187500000000000e+02
8.671875000000000000e+02
9.843750000000000000e+02
8.828125000000000000e+02
8.671875000000000000e+02
1.199218750000000000e+03
1.000000000000000000e+03
8.671875000000000000e+02
7.656250000000000000e+02
6.679687500000000000e+02
7.500000000000000000e+02
1.066406250000000000e+03
6.835937500000000000e+02
7.656250000000000000e+02
8.828125000000000000e+02
9.843750000000000000e+02
7.500000000000000000e+02
8.828125000000000000e+02
1.750000000000000000e+03
2.601562500000000000e+03
