7.695312500000000000e+02
7.851562500000000000e+02
1.167968750000000000e+03
1.066406250000000000e+03
7.812500000000000000e+02
7.187500000000000000e+02
7.304687500000000000e+02
7.656250000000000000e+02
7.695312500000000000e+02
1.097656250000000000e+03
1.207031250000000000e+03
8.203125000000000000e+02
1.078125000000000000e+03
8.828125000000000000e+02
9.179687500000000000e+02
1.296875000000000000e+03
6.679687500000000000e+02
1.300781250000000000e+03
9.375000000000000000e+02
7.148437500000000000e+02
7.343750000000000000e+02
7.148437500000000000e+02
7.656250000000000000e+02
7.304687500000000000e+02
7.148437500000000000e+02
1.132812500000000000e+03
1.097656250000000000e+03
1.300781250000000000e+03
9.140625000000000000e+02
8.398437500000000000e+02
7.109375000000000000e+02
7.343750000000000000e+02
6.992187500000000000e+02
7.343750000000000000e+02
7.460937500000000000e+02
8.046875000000000000e+02
8.437500000000000000e+02
8.710937500000000000e+02
7.304687500000000000e+02
1.199218750000000000e+03
9.492187500000000000e+02
7.812500000000000000e+02
9.687500000000000000e+02
8.046875000000000000e+02
1.011718750000000000e+03
7.812500000000000000e+02
9.023437500000000000e+02
1.050781250000000000e+03
7.031250000000000000e+02
6.796875000000000000e+02
1.066406250000000000e+03
1.167968750000000000e+03
1.253906250000000000e+03
7.656250000000000000e+02
7.656250000000000000e+02
9.492187500000000000e+02
1.101562500000000000e+03
1.414062500000000000e+03
7.304687500000000000e+02
7.304687500000000000e+02
7.070312500000000000e+02
1.339843750000000000e+03
1.042968750000000000e+03
1.023437500000000000e+03
7.773437500000000000e+02
7.968750000000000000e+02
8.203125000000000000e+02
6.875000000000000000e+02
9.843750000000000000e+02
8.828125000000000000e+02
8.750000000000000000e+02
8.671875000000000000e+02
8.359375000000000000e+02
8.085937500000000000e+02
8.085937500000000000e+02
8.125000000000000000e+02
8.007812500000000000e+02
8.164062500000000000e+02
8.398437500000000000e+02
7.929687500000000000e+02
8.632812500000000000e+02
7.890625000000000000e+02
7.968750000000000000e+02
7.578125000000000000e+02
7.617187500000000000e+02
7.382812500000000000e+02
7.304687500000000000e+02
7.031250000000000000e+02
7.460937500000000000e+02
7.695312500000000000e+02
7.773437500000000000e+02
8.554687500000000000e+02
7.617187500000000000e+02
8.085937500000000000e+02
8.164062500000000000e+02
7.812500000000000000e+02
8.710937500000000000e+02
8.984375000000000000e+02
8.398437500000000000e+02
8.125000000000000000e+02
8.828125000000000000e+02
8.320312500000000000e+02
8.984375000000000000e+02
8.750000000000000000e+02
8.125000000000000000e+02
7.890625000000000000e+02
8.398437500000000000e+02
8.125000000000000000e+02
8.320312500000000000e+02
7.617187500000000000e+02
8.398437500000000000e+02
8.046875000000000000e+02
8.867187500000000000e+02
7.734375000000000000e+02
8.867187500000000000e+02
8.320312500000000000e+02
8.945312500000000000e+02
8.515625000000000000e+02
8.515625000000000000e+02
8.125000000000000000e+02
7.851562500000000000e+02
7.890625000000000000e+02
8.085937500000000000e+02
8.398437500000000000e+02
8.242187500000000000e+02
8.437500000000000000e+02
8.164062500000000000e+02
8.203125000000000000e+02
8.750000000000000000e+02
7.968750000000000000e+02
8.085937500000000000e+02
8.515625000000000000e+02
9.062500000000000000e+02
8.476562500000000000e+02
8.320312500000000000e+02
8.671875000000000000e+02
8.281250000000000000e+02
8.164062500000000000e+02
7.929687500000000000e+02
8.125000000000000000e+02
8.359375000000000000e+02
7.695312500000000000e+02
7.851562500000000000e+02
8.437500000000000000e+02
8.398437500000000000e+02
6.757812500000000000e+02
7.812500000000000000e+02
8.203125000000000000e+02
1.378906250000000000e+03
1.210937500000000000e+03
1.156250000000000000e+03
7.421875000000000000e+02
7.500000000000000000e+02
7.500000000000000000e+02
6.875000000000000000e+02
6.679687500000000000e+02
9.960937500000000000e+02
8.046875000000000000e+02
1.328125000000000000e+03
1.320312500000000000e+03
1.296875000000000000e+03
7.500000000000000000e+02
8.007812500000000000e+02
1.515625000000000000e+03
7.656250000000000000e+02
7.539062500000000000e+02
8.164062500000000000e+02
7.812500000000000000e+02
8.203125000000000000e+02
8.320312500000000000e+02
7.851562500000000000e+02
7.304687500000000000e+02
9.023437500000000000e+02
1.214843750000000000e+03
1.187500000000000000e+03
8.007812500000000000e+02
7.812500000000000000e+02
8.007812500000000000e+02
8.125000000000000000e+02
7.343750000000000000e+02
8.085937500000000000e+02
8.671875000000000000e+02
1.000000000000000000e+03
9.101562500000000000e+02
1.339843750000000000e+03
7.070312500000000000e+02
1.292968750000000000e+03
7.226562500000000000e+02
7.304687500000000000e+02
1.128906250000000000e+03
7.382812500000000000e+02
1.089843750000000000e+03
1.695312500000000000e+03
8.515625000000000000e+02
8.476562500000000000e+02
4.101562500000000000e+03
2.421875000000000000e+03
7.812500000000000000e+02
7.968750000000000000e+02
7.695312500000000000e+02
1.171875000000000000e+03
1.234375000000000000e+03
8.398437500000000000e+02
8.515625000000000000e+02
1.183593750000000000e+03
1.222656250000000000e+03
7.734375000000000000e+02
7.617187500000000000e+02
5.417968750000000000e+03
1.597656250000000000e+03
1.554687500000000000e+03
1.777343750000000000e+04
8.007812500000000000e+02
1.106250000000000000e+04
9.621093750000000000e+03
6.835937500000000000e+02
7.851562500000000000e+02
9.960937500000000000e+02
9.179687500000000000e+02
7.968750000000000000e+02
8.320312500000000000e+02
7.539062500000000000e+02
6.679687500000000000e+02
7.031250000000000000e+02
6.953125000000000000e+02
8.007812500000000000e+02
8.125000000000000000e+02
7.539062500000000000e+02
1.082031250000000000e+03
9.843750000000000000e+02
6.835937500000000000e+02
1.378906250000000000e+03
6.835937500000000000e+02
7.539062500000000000e+02
7.460937500000000000e+02
6.679687500000000000e+02
7.187500000000000000e+02
8.828125000000000000e+02
8.398437500000000000e+02
7.304687500000000000e+02
9.648437500000000000e+02
1.000000000000000000e+03
6.835937500000000000e+02
1.250000000000000000e+03
1.320312500000000000e+03
1.218750000000000000e+03
7.812500000000000000e+02
8.085937500000000000e+02
1.042968750000000000e+03
1.027343750000000000e+03
6.835937500000000000e+02
7.656250000000000000e+02
