8.867187500000000000e+02
9.062500000000000000e+02
9.492187500000000000e+02
7.617187500000000000e+02
1.042968750000000000e+03
7.031250000000000000e+02
1.175781250000000000e+03
1.132812500000000000e+03
1.300781250000000000e+03
1.917968750000000000e+03
1.871093750000000000e+03
1.226562500000000000e+03
1.222656250000000000e+03
9.570312500000000000e+02
9.804687500000000000e+02
6.835937500000000000e+02
7.578125000000000000e+02
1.046875000000000000e+03
7.578125000000000000e+02
1.121093750000000000e+03
7.539062500000000000e+02
1.339843750000000000e+03
1.214843750000000000e+03
9.375000000000000000e+02
8.632812500000000000e+02
1.023437500000000000e+03
7.500000000000000000e+02
1.000000000000000000e+03
7.695312500000000000e+02
7.304687500000000000e+02
9.648437500000000000e+02
8.007812500000000000e+02
1.335937500000000000e+03
9.921875000000000000e+02
7.226562500000000000e+02
1.035156250000000000e+03
9.335937500000000000e+02
9.843750000000000000e+02
1.066406250000000000e+03
7.109375000000000000e+02
8.710937500000000000e+02
8.828125000000000000e+02
8.320312500000000000e+02
1.050781250000000000e+03
8.671875000000000000e+02
1.269531250000000000e+03
1.277343750000000000e+03
1.257812500000000000e+03
1.566406250000000000e+03
1.058593750000000000e+03
9.453125000000000000e+02
6.953125000000000000e+02
7.656250000000000000e+02
1.828125000000000000e+03
1.867187500000000000e+03
7.734375000000000000e+02
1.679687500000000000e+03
1.863281250000000000e+03
1.238281250000000000e+03
1.285156250000000000e+03
1.949218750000000000e+03
1.296875000000000000e+03
1.300781250000000000e+03
1.968750000000000000e+03
1.304687500000000000e+03
1.195312500000000000e+03
7.500000000000000000e+02
1.253906250000000000e+03
1.890625000000000000e+03
1.304687500000000000e+03
6.757812500000000000e+02
6.796875000000000000e+02
6.914062500000000000e+02
7.109375000000000000e+02
6.796875000000000000e+02
6.718750000000000000e+02
6.835937500000000000e+02
6.875000000000000000e+02
6.679687500000000000e+02
1.964843750000000000e+03
1.285156250000000000e+03
2.566406250000000000e+03
1.964843750000000000e+03
1.964843750000000000e+03
6.718750000000000000e+02
1.449218750000000000e+03
2.460937500000000000e+03
9.023437500000000000e+02
1.050781250000000000e+03
1.292968750000000000e+03
1.175781250000000000e+03
1.640625000000000000e+03
1.003906250000000000e+03
1.945312500000000000e+03
2.792968750000000000e+03
6.953125000000000000e+02
6.757812500000000000e+02
6.914062500000000000e+02
2.035156250000000000e+03
6.796875000000000000e+02
1.199218750000000000e+03
7.773437500000000000e+02
1.175781250000000000e+03
7.890625000000000000e+02
1.312500000000000000e+03
1.300781250000000000e+03
6.757812500000000000e+02
1.347656250000000000e+03
6.718750000000000000e+02
6.718750000000000000e+02
1.308593750000000000e+03
1.972656250000000000e+03
1.312500000000000000e+03
1.300781250000000000e+03
1.285156250000000000e+03
1.269531250000000000e+03
1.937500000000000000e+03
1.347656250000000000e+03
6.875000000000000000e+02
1.324218750000000000e+03
1.316406250000000000e+03
1.285156250000000000e+03
1.277343750000000000e+03
1.324218750000000000e+03
1.296875000000000000e+03
1.269531250000000000e+03
1.882812500000000000e+03
1.269531250000000000e+03
1.265625000000000000e+03
1.332031250000000000e+03
1.882812500000000000e+03
1.238281250000000000e+03
2.613281250000000000e+03
1.812500000000000000e+03
6.875000000000000000e+02
9.921875000000000000e+02
8.554687500000000000e+02
1.128906250000000000e+03
8.554687500000000000e+02
1.929687500000000000e+03
1.269531250000000000e+03
1.933593750000000000e+03
2.675781250000000000e+03
6.875000000000000000e+02
2.035156250000000000e+03
1.273437500000000000e+03
1.910156250000000000e+03
2.562500000000000000e+03
1.242187500000000000e+03
1.363281250000000000e+03
7.734375000000000000e+02
1.910156250000000000e+03
1.175781250000000000e+03
8.828125000000000000e+02
6.679687500000000000e+02
9.843750000000000000e+02
6.718750000000000000e+02
1.089843750000000000e+03
6.796875000000000000e+02
1.515625000000000000e+03
1.171875000000000000e+03
9.843750000000000000e+02
1.136718750000000000e+03
1.011718750000000000e+03
1.921875000000000000e+03
1.304687500000000000e+03
6.953125000000000000e+02
1.984375000000000000e+03
1.261718750000000000e+03
1.222656250000000000e+03
1.851562500000000000e+03
1.250000000000000000e+03
1.269531250000000000e+03
6.679687500000000000e+02
6.835937500000000000e+02
6.796875000000000000e+02
1.367187500000000000e+03
6.757812500000000000e+02
6.757812500000000000e+02
1.316406250000000000e+03
1.296875000000000000e+03
1.964843750000000000e+03
2.582031250000000000e+03
4.769531250000000000e+03
7.109375000000000000e+02
7.929687500000000000e+02
2.011718750000000000e+03
1.640625000000000000e+03
1.269531250000000000e+03
7.382812500000000000e+02
1.476562500000000000e+03
7.695312500000000000e+02
7.656250000000000000e+02
7.773437500000000000e+02
7.539062500000000000e+02
7.070312500000000000e+02
7.109375000000000000e+02
6.992187500000000000e+02
6.992187500000000000e+02
6.796875000000000000e+02
6.757812500000000000e+02
6.757812500000000000e+02
6.679687500000000000e+02
1.933593750000000000e+03
1.945312500000000000e+03
1.316406250000000000e+03
1.660156250000000000e+03
1.003906250000000000e+03
1.324218750000000000e+03
9.414062500000000000e+02
7.187500000000000000e+02
1.085937500000000000e+03
7.343750000000000000e+02
1.632812500000000000e+03
1.343750000000000000e+03
1.449218750000000000e+03
7.187500000000000000e+02
7.148437500000000000e+02
6.953125000000000000e+02
6.875000000000000000e+02
6.796875000000000000e+02
1.210937500000000000e+03
2.121093750000000000e+03
9.960937500000000000e+02
7.070312500000000000e+02
7.187500000000000000e+02
4.738281250000000000e+03
7.265625000000000000e+02
9.726562500000000000e+02
1.210937500000000000e+03
8.593750000000000000e+02
8.125000000000000000e+02
1.078125000000000000e+03
1.292968750000000000e+03
1.285156250000000000e+03
8.125000000000000000e+02
1.128906250000000000e+03
6.718750000000000000e+02
1.023437500000000000e+03
1.308593750000000000e+03
1.351562500000000000e+03
8.242187500000000000e+02
8.437500000000000000e+02
7.500000000000000000e+02
9.843750000000000000e+02
8.476562500000000000e+02
1.589843750000000000e+03
6.718750000000000000e+02
7.031250000000000000e+02
7.382812500000000000e+02
7.500000000000000000e+02
7.265625000000000000e+02
7.343750000000000000e+02
7.304687500000000000e+02
8.906250000000000000e+02
6.757812500000000000e+02
1.144531250000000000e+03
1.277343750000000000e+03
1.195312500000000000e+03
7.343750000000000000e+02
6.914062500000000000e+02
1.421875000000000000e+03
8.085937500000000000e+02
1.289062500000000000e+03
1.152343750000000000e+03
6.875000000000000000e+02
8.671875000000000000e+02
1.351562500000000000e+03
1.195312500000000000e+03
7.031250000000000000e+02
7.500000000000000000e+02
1.378906250000000000e+03
9.140625000000000000e+02
1.437500000000000000e+03
8.085937500000000000e+02
8.789062500000000000e+02
6.679687500000000000e+02
9.648437500000000000e+02
7.187500000000000000e+02
7.343750000000000000e+02
7.460937500000000000e+02
7.421875000000000000e+02
7.031250000000000000e+02
7.148437500000000000e+02
7.031250000000000000e+02
6.992187500000000000e+02
6.992187500000000000e+02
6.757812500000000000e+02
6.679687500000000000e+02
1.292968750000000000e+03
1.261718750000000000e+03
1.152343750000000000e+03
9.531250000000000000e+02
8.085937500000000000e+02
9.101562500000000000e+02
2.066406250000000000e+03
8.554687500000000000e+02
1.566406250000000000e+03
1.933593750000000000e+03
6.757812500000000000e+02
8.828125000000000000e+02
1.054687500000000000e+03
9.296875000000000000e+02
9.804687500000000000e+02
9.921875000000000000e+02
1.449218750000000000e+03
7.460937500000000000e+02
8.359375000000000000e+02
1.296875000000000000e+03
1.394531250000000000e+03
6.835937500000000000e+02
1.046875000000000000e+03
8.320312500000000000e+02
7.695312500000000000e+02
7.773437500000000000e+02
1.238281250000000000e+03
6.796875000000000000e+02
7.187500000000000000e+02
1.402343750000000000e+03
1.332031250000000000e+03
1.226562500000000000e+03
7.539062500000000000e+02
6.679687500000000000e+02
8.789062500000000000e+02
1.113281250000000000e+03
1.390625000000000000e+03
7.421875000000000000e+02
8.828125000000000000e+02
9.140625000000000000e+02
8.164062500000000000e+02
8.203125000000000000e+02
1.042968750000000000e+03
1.207031250000000000e+03
1.312500000000000000e+03
8.867187500000000000e+02
9.609375000000000000e+02
1.433593750000000000e+03
7.382812500000000000e+02
7.421875000000000000e+02
8.359375000000000000e+02
1.230468750000000000e+03
1.949218750000000000e+03
1.242187500000000000e+03
8.359375000000000000e+02
1.101562500000000000e+03
6.835937500000000000e+02
6.875000000000000000e+02
6.953125000000000000e+02
6.875000000000000000e+02
6.757812500000000000e+02
6.796875000000000000e+02
6.875000000000000000e+02
1.316406250000000000e+03
1.335937500000000000e+03
1.312500000000000000e+03
1.316406250000000000e+03
1.015625000000000000e+03
9.062500000000000000e+02
7.421875000000000000e+02
1.617187500000000000e+03
8.125000000000000000e+02
8.710937500000000000e+02
1.253906250000000000e+03
8.007812500000000000e+02
8.007812500000000000e+02
9.804687500000000000e+02
6.914062500000000000e+02
1.066406250000000000e+03
8.789062500000000000e+02
1.265625000000000000e+03
1.269531250000000000e+03
1.324218750000000000e+03
1.035156250000000000e+03
9.375000000000000000e+02
6.835937500000000000e+02
6.796875000000000000e+02
6.718750000000000000e+02
1.324218750000000000e+03
6.679687500000000000e+02
1.035156250000000000e+03
9.179687500000000000e+02
1.285156250000000000e+03
1.250000000000000000e+03
1.738281250000000000e+03
7.929687500000000000e+02
1.812500000000000000e+03
7.929687500000000000e+02
9.101562500000000000e+02
1.230468750000000000e+03
7.851562500000000000e+02
8.710937500000000000e+02
7.656250000000000000e+02
8.046875000000000000e+02
1.093750000000000000e+03
