1.167968750000000000e+03
1.152343750000000000e+03
1.738281250000000000e+03
1.835937500000000000e+03
1.335937500000000000e+03
2.441406250000000000e+03
8.906250000000000000e+02
1.425781250000000000e+03
6.953125000000000000e+02
1.078125000000000000e+03
1.011718750000000000e+03
6.914062500000000000e+02
1.328125000000000000e+03
9.179687500000000000e+02
6.835937500000000000e+02
7.109375000000000000e+02
6.914062500000000000e+02
7.187500000000000000e+02
7.304687500000000000e+02
7.148437500000000000e+02
7.148437500000000000e+02
7.695312500000000000e+02
6.796875000000000000e+02
9.531250000000000000e+02
1.218750000000000000e+03
7.656250000000000000e+02
1.023437500000000000e+03
6.992187500000000000e+02
6.679687500000000000e+02
8.359375000000000000e+02
1.839843750000000000e+03
7.304687500000000000e+02
5.613281250000000000e+03
9.960937500000000000e+02
7.656250000000000000e+02
9.023437500000000000e+02
6.875000000000000000e+02
1.089843750000000000e+03
8.906250000000000000e+02
6.679687500000000000e+02
1.332031250000000000e+03
1.289062500000000000e+03
8.085937500000000000e+02
7.070312500000000000e+02
2.062500000000000000e+03
8.437500000000000000e+02
1.300781250000000000e+03
7.031250000000000000e+02
8.085937500000000000e+02
1.179687500000000000e+03
6.875000000000000000e+02
7.031250000000000000e+02
6.679687500000000000e+02
1.296875000000000000e+03
1.269531250000000000e+03
1.324218750000000000e+03
1.300781250000000000e+03
1.335937500000000000e+03
6.679687500000000000e+02
6.757812500000000000e+02
6.835937500000000000e+02
1.156250000000000000e+03
9.257812500000000000e+02
1.390625000000000000e+03
1.332031250000000000e+03
1.300781250000000000e+03
6.875000000000000000e+02
7.148437500000000000e+02
7.070312500000000000e+02
6.835937500000000000e+02
1.328125000000000000e+03
1.339843750000000000e+03
1.304687500000000000e+03
1.296875000000000000e+03
1.351562500000000000e+03
6.718750000000000000e+02
8.242187500000000000e+02
1.226562500000000000e+03
7.617187500000000000e+02
7.148437500000000000e+02
7.539062500000000000e+02
7.187500000000000000e+02
9.804687500000000000e+02
1.125000000000000000e+03
6.796875000000000000e+02
6.796875000000000000e+02
7.187500000000000000e+02
6.875000000000000000e+02
7.539062500000000000e+02
7.148437500000000000e+02
7.460937500000000000e+02
7.187500000000000000e+02
7.226562500000000000e+02
7.304687500000000000e+02
1.390625000000000000e+03
6.953125000000000000e+02
7.148437500000000000e+02
6.992187500000000000e+02
7.265625000000000000e+02
6.914062500000000000e+02
7.617187500000000000e+02
7.539062500000000000e+02
7.070312500000000000e+02
7.460937500000000000e+02
1.472656250000000000e+03
7.109375000000000000e+02
1.464843750000000000e+03
8.046875000000000000e+02
6.875000000000000000e+02
9.531250000000000000e+02
1.253906250000000000e+03
9.179687500000000000e+02
1.132812500000000000e+03
1.445312500000000000e+03
2.699218750000000000e+03
6.953125000000000000e+02
1.398437500000000000e+03
7.187500000000000000e+02
6.757812500000000000e+02
6.757812500000000000e+02
1.351562500000000000e+03
2.062500000000000000e+03
1.386718750000000000e+03
6.679687500000000000e+02
1.312500000000000000e+03
6.914062500000000000e+02
6.953125000000000000e+02
7.265625000000000000e+02
6.953125000000000000e+02
7.421875000000000000e+02
7.539062500000000000e+02
7.421875000000000000e+02
7.109375000000000000e+02
1.257812500000000000e+03
7.617187500000000000e+02
8.164062500000000000e+02
7.773437500000000000e+02
7.304687500000000000e+02
1.128906250000000000e+03
9.570312500000000000e+02
1.351562500000000000e+03
1.289062500000000000e+03
6.718750000000000000e+02
1.316406250000000000e+03
6.679687500000000000e+02
6.992187500000000000e+02
8.671875000000000000e+02
7.148437500000000000e+02
1.171875000000000000e+03
1.328125000000000000e+03
8.437500000000000000e+02
6.914062500000000000e+02
6.718750000000000000e+02
6.875000000000000000e+02
6.875000000000000000e+02
1.339843750000000000e+03
6.679687500000000000e+02
7.304687500000000000e+02
9.687500000000000000e+02
1.015625000000000000e+03
7.304687500000000000e+02
8.085937500000000000e+02
8.750000000000000000e+02
9.375000000000000000e+02
1.253906250000000000e+03
6.757812500000000000e+02
1.105468750000000000e+03
8.984375000000000000e+02
1.074218750000000000e+03
8.125000000000000000e+02
1.808593750000000000e+03
1.773437500000000000e+03
7.304687500000000000e+02
1.304687500000000000e+03
7.265625000000000000e+02
1.328125000000000000e+03
1.726562500000000000e+03
9.609375000000000000e+02
9.648437500000000000e+02
1.144531250000000000e+03
6.796875000000000000e+02
3.316406250000000000e+03
6.757812500000000000e+02
6.718750000000000000e+02
6.835937500000000000e+02
1.320312500000000000e+03
7.148437500000000000e+02
6.718750000000000000e+02
7.343750000000000000e+02
1.589843750000000000e+03
1.113281250000000000e+03
1.738281250000000000e+03
6.757812500000000000e+02
9.531250000000000000e+02
1.175781250000000000e+03
8.398437500000000000e+02
7.421875000000000000e+02
7.929687500000000000e+02
8.828125000000000000e+02
6.851562500000000000e+03
6.718750000000000000e+02
6.757812500000000000e+02
1.085937500000000000e+03
1.617187500000000000e+03
1.972656250000000000e+03
8.867187500000000000e+02
1.101562500000000000e+03
8.359375000000000000e+02
1.003906250000000000e+03
1.492187500000000000e+03
8.281250000000000000e+02
2.425781250000000000e+03
6.875000000000000000e+02
8.515625000000000000e+02
7.304687500000000000e+02
7.617187500000000000e+02
1.105468750000000000e+03
1.789062500000000000e+03
7.539062500000000000e+02
1.265625000000000000e+03
6.914062500000000000e+02
1.878906250000000000e+03
7.187500000000000000e+02
7.304687500000000000e+02
1.406250000000000000e+03
1.070312500000000000e+03
9.570312500000000000e+02
1.085937500000000000e+03
6.796875000000000000e+02
7.187500000000000000e+02
7.031250000000000000e+02
7.187500000000000000e+02
6.796875000000000000e+02
6.796875000000000000e+02
8.046875000000000000e+02
8.476562500000000000e+02
8.750000000000000000e+02
9.570312500000000000e+02
9.648437500000000000e+02
7.070312500000000000e+02
1.171875000000000000e+03
1.128906250000000000e+03
1.019531250000000000e+03
7.304687500000000000e+02
7.265625000000000000e+02
1.285156250000000000e+03
9.023437500000000000e+02
6.914062500000000000e+02
7.226562500000000000e+02
7.617187500000000000e+02
7.539062500000000000e+02
7.578125000000000000e+02
7.812500000000000000e+02
7.187500000000000000e+02
7.304687500000000000e+02
7.148437500000000000e+02
7.343750000000000000e+02
1.324218750000000000e+03
1.292968750000000000e+03
9.843750000000000000e+02
1.000000000000000000e+03
6.718750000000000000e+02
6.914062500000000000e+02
7.460937500000000000e+02
1.339843750000000000e+03
7.382812500000000000e+02
8.164062500000000000e+02
7.265625000000000000e+02
6.757812500000000000e+02
1.070312500000000000e+03
1.871093750000000000e+03
1.238281250000000000e+03
1.929687500000000000e+03
1.339843750000000000e+03
7.500000000000000000e+02
8.125000000000000000e+02
1.054687500000000000e+03
1.632812500000000000e+03
2.281250000000000000e+03
2.355468750000000000e+03
1.285156250000000000e+03
8.046875000000000000e+02
1.441406250000000000e+03
8.867187500000000000e+02
8.125000000000000000e+02
7.226562500000000000e+02
6.914062500000000000e+02
1.242187500000000000e+03
8.046875000000000000e+02
6.757812500000000000e+02
1.199218750000000000e+03
6.914062500000000000e+02
8.281250000000000000e+02
6.875000000000000000e+02
7.109375000000000000e+02
6.953125000000000000e+02
1.503906250000000000e+03
9.023437500000000000e+02
8.046875000000000000e+02
8.593750000000000000e+02
7.890625000000000000e+02
7.734375000000000000e+02
9.218750000000000000e+02
8.750000000000000000e+02
9.179687500000000000e+02
8.984375000000000000e+02
8.281250000000000000e+02
7.734375000000000000e+02
8.320312500000000000e+02
7.578125000000000000e+02
7.929687500000000000e+02
7.851562500000000000e+02
7.265625000000000000e+02
7.382812500000000000e+02
6.953125000000000000e+02
7.421875000000000000e+02
7.500000000000000000e+02
8.125000000000000000e+02
7.460937500000000000e+02
7.187500000000000000e+02
1.519531250000000000e+03
7.500000000000000000e+02
7.929687500000000000e+02
8.164062500000000000e+02
8.554687500000000000e+02
7.539062500000000000e+02
8.164062500000000000e+02
8.242187500000000000e+02
8.046875000000000000e+02
9.335937500000000000e+02
8.593750000000000000e+02
1.617187500000000000e+03
6.992187500000000000e+02
1.289062500000000000e+03
1.253906250000000000e+03
9.492187500000000000e+02
9.531250000000000000e+02
6.679687500000000000e+02
1.269531250000000000e+03
8.554687500000000000e+02
1.175781250000000000e+03
8.281250000000000000e+02
7.500000000000000000e+02
8.437500000000000000e+02
6.992187500000000000e+02
8.281250000000000000e+02
1.042968750000000000e+03
6.718750000000000000e+02
7.265625000000000000e+02
6.796875000000000000e+02
7.070312500000000000e+02
6.796875000000000000e+02
3.609375000000000000e+03
1.281250000000000000e+03
8.671875000000000000e+02
1.042968750000000000e+03
9.687500000000000000e+02
6.835937500000000000e+02
6.757812500000000000e+02
1.347656250000000000e+03
6.796875000000000000e+02
7.187500000000000000e+02
1.238281250000000000e+03
7.617187500000000000e+02
8.164062500000000000e+02
1.855468750000000000e+03
1.121093750000000000e+03
1.398437500000000000e+03
7.148437500000000000e+02
8.242187500000000000e+02
1.050781250000000000e+03
6.914062500000000000e+02
6.796875000000000000e+02
