7.460937500000000000e+02
1.855468750000000000e+03
9.726562500000000000e+02
2.171875000000000000e+03
1.835937500000000000e+03
1.468750000000000000e+03
7.695312500000000000e+02
7.304687500000000000e+02
1.843750000000000000e+03
1.132812500000000000e+03
7.265625000000000000e+02
8.789062500000000000e+02
1.035156250000000000e+03
7.226562500000000000e+02
1.296875000000000000e+03
1.238281250000000000e+03
4.855468750000000000e+03
1.144531250000000000e+03
8.515625000000000000e+02
7.421875000000000000e+02
8.671875000000000000e+02
9.960937500000000000e+02
1.152343750000000000e+03
6.796875000000000000e+02
8.359375000000000000e+02
6.835937500000000000e+02
9.023437500000000000e+02
8.046875000000000000e+02
8.710937500000000000e+02
8.515625000000000000e+02
7.460937500000000000e+02
1.378906250000000000e+03
1.398437500000000000e+03
1.328125000000000000e+03
1.425781250000000000e+03
8.906250000000000000e+02
1.304687500000000000e+03
1.382812500000000000e+03
1.824218750000000000e+03
9.375000000000000000e+02
1.117187500000000000e+03
6.757812500000000000e+02
6.796875000000000000e+02
7.617187500000000000e+02
9.296875000000000000e+02
6.953125000000000000e+02
7.460937500000000000e+02
7.929687500000000000e+02
9.257812500000000000e+02
1.011718750000000000e+03
9.101562500000000000e+02
8.437500000000000000e+02
7.695312500000000000e+02
8.085937500000000000e+02
9.257812500000000000e+02
4.167968750000000000e+03
6.953125000000000000e+02
7.070312500000000000e+02
7.031250000000000000e+02
1.562500000000000000e+03
2.023437500000000000e+03
2.296875000000000000e+03
1.237343750000000000e+05
2.093750000000000000e+03
1.640625000000000000e+03
7.851562500000000000e+02
1.812500000000000000e+03
8.867187500000000000e+02
2.410156250000000000e+03
1.035156250000000000e+03
8.164062500000000000e+02
8.320312500000000000e+02
9.570312500000000000e+02
6.835937500000000000e+02
7.304687500000000000e+02
9.062500000000000000e+02
6.679687500000000000e+02
7.031250000000000000e+02
9.296875000000000000e+02
1.695312500000000000e+03
1.117187500000000000e+03
1.550781250000000000e+03
7.343750000000000000e+02
6.992187500000000000e+02
9.179687500000000000e+02
8.203125000000000000e+02
7.656250000000000000e+02
6.757812500000000000e+02
8.164062500000000000e+02
9.843750000000000000e+02
2.734375000000000000e+03
7.695312500000000000e+02
1.144531250000000000e+03
8.164062500000000000e+02
1.144531250000000000e+03
1.722656250000000000e+03
7.812500000000000000e+02
1.042968750000000000e+03
6.914062500000000000e+02
1.250000000000000000e+03
1.265625000000000000e+03
2.187500000000000000e+03
1.042968750000000000e+03
1.117187500000000000e+03
1.066406250000000000e+03
7.070312500000000000e+02
6.914062500000000000e+02
7.148437500000000000e+02
7.382812500000000000e+02
1.167968750000000000e+03
6.992187500000000000e+02
8.085937500000000000e+02
1.339843750000000000e+03
8.164062500000000000e+02
1.929687500000000000e+03
1.019531250000000000e+03
9.570312500000000000e+02
1.246093750000000000e+03
9.648437500000000000e+02
6.757812500000000000e+02
1.007812500000000000e+03
1.582031250000000000e+03
1.605468750000000000e+03
1.410156250000000000e+03
1.269531250000000000e+03
1.296875000000000000e+03
7.187500000000000000e+02
7.421875000000000000e+02
6.914062500000000000e+02
1.132812500000000000e+03
1.050781250000000000e+03
8.203125000000000000e+02
9.492187500000000000e+02
1.023437500000000000e+03
1.062500000000000000e+03
1.492187500000000000e+03
1.148437500000000000e+03
7.851562500000000000e+02
1.937500000000000000e+03
6.992187500000000000e+02
8.437500000000000000e+02
9.687500000000000000e+02
8.359375000000000000e+02
2.417968750000000000e+03
2.054687500000000000e+03
2.875000000000000000e+03
6.914062500000000000e+02
1.058593750000000000e+03
8.945312500000000000e+02
1.152343750000000000e+03
1.625000000000000000e+03
7.226562500000000000e+02
1.648437500000000000e+03
7.617187500000000000e+02
1.109375000000000000e+03
8.750000000000000000e+02
8.515625000000000000e+02
1.128906250000000000e+03
9.335937500000000000e+02
1.414062500000000000e+03
1.429687500000000000e+03
7.226562500000000000e+02
6.992187500000000000e+02
9.492187500000000000e+02
9.140625000000000000e+02
8.437500000000000000e+02
1.250000000000000000e+03
1.304687500000000000e+03
1.230468750000000000e+03
1.332031250000000000e+03
8.320312500000000000e+02
6.835937500000000000e+02
1.511718750000000000e+03
9.179687500000000000e+02
1.281250000000000000e+03
6.875000000000000000e+02
9.609375000000000000e+02
1.171875000000000000e+03
9.023437500000000000e+02
9.023437500000000000e+02
7.617187500000000000e+02
9.375000000000000000e+02
7.812500000000000000e+02
1.550781250000000000e+03
8.867187500000000000e+02
9.882812500000000000e+02
1.277343750000000000e+03
1.531250000000000000e+03
1.507812500000000000e+03
1.585937500000000000e+03
8.593750000000000000e+02
7.187500000000000000e+02
7.304687500000000000e+02
1.347656250000000000e+03
1.039062500000000000e+03
8.476562500000000000e+02
9.531250000000000000e+02
1.472656250000000000e+03
7.929687500000000000e+02
7.343750000000000000e+02
1.066406250000000000e+03
1.207031250000000000e+03
1.164062500000000000e+03
1.875000000000000000e+03
9.765625000000000000e+02
1.308593750000000000e+03
8.906250000000000000e+02
8.203125000000000000e+02
8.203125000000000000e+02
9.414062500000000000e+02
1.085937500000000000e+03
1.031250000000000000e+03
1.402343750000000000e+03
1.191406250000000000e+03
1.238281250000000000e+03
1.265625000000000000e+03
1.199218750000000000e+03
6.875000000000000000e+02
7.070312500000000000e+02
1.359375000000000000e+03
8.515625000000000000e+02
1.699218750000000000e+03
1.003906250000000000e+03
7.656250000000000000e+02
8.007812500000000000e+02
9.257812500000000000e+02
7.148437500000000000e+02
1.300781250000000000e+03
1.035156250000000000e+03
1.039062500000000000e+03
1.277343750000000000e+03
7.070312500000000000e+02
6.875000000000000000e+02
1.097656250000000000e+03
7.226562500000000000e+02
9.648437500000000000e+02
9.570312500000000000e+02
1.066406250000000000e+03
1.011718750000000000e+03
1.589843750000000000e+03
2.070312500000000000e+03
1.199218750000000000e+03
9.375000000000000000e+02
1.257812500000000000e+03
1.234375000000000000e+03
1.066406250000000000e+03
7.500000000000000000e+02
7.617187500000000000e+02
1.152343750000000000e+03
7.656250000000000000e+02
9.296875000000000000e+02
9.179687500000000000e+02
9.570312500000000000e+02
7.226562500000000000e+02
1.234375000000000000e+03
7.890625000000000000e+02
1.441406250000000000e+03
1.046875000000000000e+03
8.750000000000000000e+02
