6.835937500000000000e+02
1.062500000000000000e+03
1.171875000000000000e+03
7.500000000000000000e+02
8.320312500000000000e+02
1.207031250000000000e+03
1.125000000000000000e+03
7.343750000000000000e+02
7.343750000000000000e+02
6.757812500000000000e+02
7.617187500000000000e+02
1.167968750000000000e+03
7.460937500000000000e+02
7.734375000000000000e+02
6.796875000000000000e+02
7.812500000000000000e+02
7.187500000000000000e+02
7.890625000000000000e+02
1.101562500000000000e+03
1.050781250000000000e+03
1.167968750000000000e+03
1.000000000000000000e+03
8.164062500000000000e+02
1.285156250000000000e+03
6.796875000000000000e+02
1.269531250000000000e+03
1.851562500000000000e+03
7.343750000000000000e+02
8.984375000000000000e+02
7.187500000000000000e+02
1.250000000000000000e+03
7.109375000000000000e+02
7.382812500000000000e+02
1.937500000000000000e+03
7.265625000000000000e+02
7.304687500000000000e+02
1.035156250000000000e+03
8.750000000000000000e+02
1.269531250000000000e+03
7.656250000000000000e+02
6.835937500000000000e+02
6.835937500000000000e+02
6.992187500000000000e+02
8.828125000000000000e+02
9.687500000000000000e+02
6.835937500000000000e+02
7.500000000000000000e+02
8.085937500000000000e+02
6.679687500000000000e+02
6.835937500000000000e+02
9.843750000000000000e+02
1.160156250000000000e+03
8.164062500000000000e+02
1.265625000000000000e+03
8.671875000000000000e+02
6.679687500000000000e+02
9.453125000000000000e+02
7.734375000000000000e+02
1.191406250000000000e+03
8.945312500000000000e+02
8.359375000000000000e+02
8.125000000000000000e+02
7.656250000000000000e+02
2.746093750000000000e+03
8.984375000000000000e+02
1.300781250000000000e+03
7.500000000000000000e+02
6.679687500000000000e+02
9.648437500000000000e+02
7.500000000000000000e+02
6.679687500000000000e+02
7.851562500000000000e+02
7.656250000000000000e+02
1.218750000000000000e+03
1.199218750000000000e+03
1.183593750000000000e+03
1.082031250000000000e+03
6.835937500000000000e+02
6.679687500000000000e+02
8.671875000000000000e+02
7.343750000000000000e+02
1.449218750000000000e+03
2.328125000000000000e+03
2.609375000000000000e+03
9.648437500000000000e+02
3.316406250000000000e+03
9.335937500000000000e+02
6.992187500000000000e+02
8.515625000000000000e+02
6.679687500000000000e+02
6.835937500000000000e+02
1.582031250000000000e+03
6.679687500000000000e+02
1.332031250000000000e+03
1.101562500000000000e+03
8.515625000000000000e+02
1.542968750000000000e+03
1.132812500000000000e+03
6.679687500000000000e+02
6.835937500000000000e+02
9.335937500000000000e+02
6.835937500000000000e+02
9.335937500000000000e+02
6.992187500000000000e+02
8.671875000000000000e+02
6.679687500000000000e+02
8.007812500000000000e+02
2.867187500000000000e+03
3.035156250000000000e+03
8.671875000000000000e+02
9.335937500000000000e+02
1.000000000000000000e+03
8.671875000000000000e+02
1.167968750000000000e+03
1.015625000000000000e+03
6.835937500000000000e+02
1.000000000000000000e+03
1.132812500000000000e+03
6.835937500000000000e+02
7.500000000000000000e+02
7.500000000000000000e+02
1.066406250000000000e+03
7.500000000000000000e+02
1.250000000000000000e+03
7.500000000000000000e+02
1.050781250000000000e+03
9.765625000000000000e+02
8.320312500000000000e+02
8.046875000000000000e+02
9.101562500000000000e+02
1.316406250000000000e+03
8.671875000000000000e+02
1.500000000000000000e+03
8.164062500000000000e+02
1.367187500000000000e+03
6.835937500000000000e+02
1.449218750000000000e+03
8.671875000000000000e+02
6.835937500000000000e+02
1.015625000000000000e+03
9.843750000000000000e+02
7.500000000000000000e+02
6.835937500000000000e+02
6.835937500000000000e+02
6.835937500000000000e+02
7.656250000000000000e+02
7.343750000000000000e+02
8.007812500000000000e+02
1.015625000000000000e+03
1.050781250000000000e+03
7.500000000000000000e+02
6.835937500000000000e+02
7.500000000000000000e+02
1.000000000000000000e+03
1.101562500000000000e+03
1.066406250000000000e+03
7.500000000000000000e+02
8.007812500000000000e+02
1.132812500000000000e+03
1.300781250000000000e+03
1.316406250000000000e+03
1.000000000000000000e+03
1.367187500000000000e+03
1.000000000000000000e+03
8.671875000000000000e+02
7.500000000000000000e+02
6.992187500000000000e+02
6.835937500000000000e+02
1.132812500000000000e+03
6.835937500000000000e+02
7.500000000000000000e+02
8.164062500000000000e+02
7.500000000000000000e+02
1.000000000000000000e+03
6.992187500000000000e+02
6.835937500000000000e+02
7.656250000000000000e+02
1.316406250000000000e+03
9.335937500000000000e+02
1.250000000000000000e+03
8.320312500000000000e+02
6.835937500000000000e+02
8.828125000000000000e+02
1.000000000000000000e+03
6.835937500000000000e+02
8.828125000000000000e+02
9.335937500000000000e+02
7.656250000000000000e+02
8.515625000000000000e+02
1.117187500000000000e+03
7.656250000000000000e+02
1.000000000000000000e+03
8.671875000000000000e+02
9.335937500000000000e+02
6.835937500000000000e+02
1.117187500000000000e+03
7.500000000000000000e+02
8.007812500000000000e+02
1.250000000000000000e+03
9.179687500000000000e+02
7.500000000000000000e+02
6.835937500000000000e+02
7.500000000000000000e+02
7.343750000000000000e+02
6.835937500000000000e+02
7.343750000000000000e+02
6.835937500000000000e+02
8.828125000000000000e+02
9.843750000000000000e+02
1.234375000000000000e+03
1.066406250000000000e+03
9.179687500000000000e+02
1.050781250000000000e+03
7.656250000000000000e+02
9.843750000000000000e+02
1.117187500000000000e+03
1.117187500000000000e+03
8.164062500000000000e+02
8.007812500000000000e+02
6.835937500000000000e+02
8.671875000000000000e+02
1.050781250000000000e+03
7.656250000000000000e+02
8.671875000000000000e+02
8.164062500000000000e+02
2.960937500000000000e+03
9.687500000000000000e+02
1.019531250000000000e+03
7.968750000000000000e+02
6.992187500000000000e+02
8.125000000000000000e+02
6.953125000000000000e+02
7.695312500000000000e+02
6.796875000000000000e+02
1.707031250000000000e+03
2.164062500000000000e+03
1.546875000000000000e+03
1.125000000000000000e+03
1.148437500000000000e+03
2.199218750000000000e+03
1.218750000000000000e+03
3.316406250000000000e+03
2.933593750000000000e+03
1.070312500000000000e+03
1.500000000000000000e+03
6.992187500000000000e+02
9.335937500000000000e+02
1.234375000000000000e+03
1.000000000000000000e+03
7.343750000000000000e+02
6.835937500000000000e+02
8.671875000000000000e+02
1.550781250000000000e+03
9.492187500000000000e+02
1.402343750000000000e+03
7.656250000000000000e+02
1.234375000000000000e+03
8.164062500000000000e+02
1.000000000000000000e+03
9.335937500000000000e+02
6.835937500000000000e+02
6.835937500000000000e+02
7.500000000000000000e+02
7.500000000000000000e+02
6.835937500000000000e+02
1.000000000000000000e+03
1.117187500000000000e+03
6.835937500000000000e+02
9.492187500000000000e+02
8.007812500000000000e+02
7.500000000000000000e+02
1.367187500000000000e+03
4.335937500000000000e+03
7.500000000000000000e+02
1.000000000000000000e+03
6.757812500000000000e+02
6.757812500000000000e+02
1.550781250000000000e+03
6.835937500000000000e+02
8.007812500000000000e+02
8.671875000000000000e+02
1.300781250000000000e+03
9.492187500000000000e+02
8.671875000000000000e+02
1.234375000000000000e+03
6.835937500000000000e+02
1.660156250000000000e+03
7.070312500000000000e+02
6.992187500000000000e+02
8.671875000000000000e+02
8.164062500000000000e+02
6.835937500000000000e+02
1.050781250000000000e+03
6.835937500000000000e+02
1.316406250000000000e+03
1.265625000000000000e+03
7.851562500000000000e+02
9.023437500000000000e+02
1.343750000000000000e+03
1.281250000000000000e+03
1.339843750000000000e+03
8.203125000000000000e+02
1.234375000000000000e+03
8.046875000000000000e+02
1.097656250000000000e+03
7.617187500000000000e+02
1.019531250000000000e+03
1.148437500000000000e+03
7.656250000000000000e+02
7.773437500000000000e+02
2.074218750000000000e+03
1.015625000000000000e+03
1.335937500000000000e+03
9.648437500000000000e+02
1.214843750000000000e+03
1.023437500000000000e+03
7.382812500000000000e+02
3.054687500000000000e+03
7.539062500000000000e+02
6.796875000000000000e+02
1.449218750000000000e+03
8.710937500000000000e+02
3.164062500000000000e+03
1.109375000000000000e+03
7.773437500000000000e+02
8.007812500000000000e+02
1.113281250000000000e+03
1.085937500000000000e+03
7.343750000000000000e+02
9.296875000000000000e+02
6.875000000000000000e+02
8.203125000000000000e+02
9.453125000000000000e+02
8.671875000000000000e+02
7.812500000000000000e+02
2.183593750000000000e+03
4.605468750000000000e+03
6.796875000000000000e+02
2.250000000000000000e+03
9.335937500000000000e+02
1.386718750000000000e+03
7.148437500000000000e+02
8.476562500000000000e+02
6.835937500000000000e+02
8.398437500000000000e+02
1.160156250000000000e+03
3.152343750000000000e+03
8.007812500000000000e+02
7.148437500000000000e+02
2.320312500000000000e+03
9.023437500000000000e+02
2.062500000000000000e+03
