1.949218750000000000e+03
1.484375000000000000e+03
1.238281250000000000e+03
1.265625000000000000e+03
6.757812500000000000e+02
6.796875000000000000e+02
7.929687500000000000e+02
1.062500000000000000e+03
1.011718750000000000e+03
7.617187500000000000e+02
7.382812500000000000e+02
9.648437500000000000e+02
1.093750000000000000e+03
7.382812500000000000e+02
7.617187500000000000e+02
1.070312500000000000e+03
7.656250000000000000e+02
1.226562500000000000e+03
1.507812500000000000e+03
8.750000000000000000e+02
7.148437500000000000e+02
6.757812500000000000e+02
1.902343750000000000e+03
1.242187500000000000e+03
1.195312500000000000e+03
2.390625000000000000e+03
7.265625000000000000e+02
1.097656250000000000e+03
7.421875000000000000e+02
7.031250000000000000e+02
7.460937500000000000e+02
7.656250000000000000e+02
7.187500000000000000e+02
6.796875000000000000e+02
7.226562500000000000e+02
1.316406250000000000e+03
8.632812500000000000e+02
1.105468750000000000e+03
6.835937500000000000e+02
1.351562500000000000e+03
7.187500000000000000e+02
1.332031250000000000e+03
6.718750000000000000e+02
6.953125000000000000e+02
6.914062500000000000e+02
1.187500000000000000e+03
7.500000000000000000e+02
8.632812500000000000e+02
7.265625000000000000e+02
1.640625000000000000e+03
1.250000000000000000e+03
2.425781250000000000e+03
7.773437500000000000e+02
1.394531250000000000e+03
8.593750000000000000e+02
7.304687500000000000e+02
7.265625000000000000e+02
7.304687500000000000e+02
6.679687500000000000e+02
1.339843750000000000e+03
6.679687500000000000e+02
1.285156250000000000e+03
1.312500000000000000e+03
9.257812500000000000e+02
1.621093750000000000e+03
1.324218750000000000e+03
1.289062500000000000e+03
1.527343750000000000e+03
8.046875000000000000e+02
7.382812500000000000e+02
9.023437500000000000e+02
1.175781250000000000e+03
1.234375000000000000e+03
1.230468750000000000e+03
1.050781250000000000e+03
9.609375000000000000e+02
1.398437500000000000e+03
9.140625000000000000e+02
8.828125000000000000e+02
1.214843750000000000e+03
6.992187500000000000e+02
1.449218750000000000e+03
1.914062500000000000e+03
7.539062500000000000e+02
1.125000000000000000e+03
8.984375000000000000e+02
7.460937500000000000e+02
7.812500000000000000e+02
1.261718750000000000e+03
1.335937500000000000e+03
6.914062500000000000e+02
1.371093750000000000e+03
7.500000000000000000e+02
7.187500000000000000e+02
1.371093750000000000e+03
1.214843750000000000e+03
7.070312500000000000e+02
8.164062500000000000e+02
6.679687500000000000e+02
6.875000000000000000e+02
1.304687500000000000e+03
6.875000000000000000e+02
1.250000000000000000e+03
9.492187500000000000e+02
9.101562500000000000e+02
1.234375000000000000e+03
1.277343750000000000e+03
1.128906250000000000e+03
7.226562500000000000e+02
1.105468750000000000e+03
1.324218750000000000e+03
7.890625000000000000e+02
8.437500000000000000e+02
1.308593750000000000e+03
1.179687500000000000e+03
9.218750000000000000e+02
1.355468750000000000e+03
7.734375000000000000e+02
1.242187500000000000e+03
6.718750000000000000e+02
9.843750000000000000e+02
1.140625000000000000e+03
1.308593750000000000e+03
1.242187500000000000e+03
6.914062500000000000e+02
9.453125000000000000e+02
7.148437500000000000e+02
1.234375000000000000e+03
7.812500000000000000e+02
8.203125000000000000e+02
1.218750000000000000e+03
7.890625000000000000e+02
6.875000000000000000e+02
7.343750000000000000e+02
6.796875000000000000e+02
6.914062500000000000e+02
1.242187500000000000e+03
7.265625000000000000e+02
8.593750000000000000e+02
1.382812500000000000e+03
8.984375000000000000e+02
8.320312500000000000e+02
6.953125000000000000e+02
1.109375000000000000e+03
1.339843750000000000e+03
6.953125000000000000e+02
1.175781250000000000e+03
8.945312500000000000e+02
1.066406250000000000e+03
9.453125000000000000e+02
1.050781250000000000e+03
7.031250000000000000e+02
7.187500000000000000e+02
6.992187500000000000e+02
6.757812500000000000e+02
7.773437500000000000e+02
8.710937500000000000e+02
8.320312500000000000e+02
9.375000000000000000e+02
9.218750000000000000e+02
8.671875000000000000e+02
1.308593750000000000e+03
8.671875000000000000e+02
8.476562500000000000e+02
1.375000000000000000e+04
7.070312500000000000e+02
8.476562500000000000e+02
9.492187500000000000e+02
8.945312500000000000e+02
8.007812500000000000e+02
1.191406250000000000e+03
1.289062500000000000e+03
1.617187500000000000e+03
1.171875000000000000e+03
1.132812500000000000e+03
3.089843750000000000e+03
1.816406250000000000e+03
9.218750000000000000e+02
1.132812500000000000e+03
1.027343750000000000e+03
1.277343750000000000e+03
8.984375000000000000e+02
9.140625000000000000e+02
1.550781250000000000e+03
5.816406250000000000e+03
6.953125000000000000e+02
7.539062500000000000e+02
8.281250000000000000e+02
1.031250000000000000e+03
7.382812500000000000e+02
9.570312500000000000e+02
9.023437500000000000e+02
6.679687500000000000e+02
1.128906250000000000e+03
9.765625000000000000e+02
9.296875000000000000e+02
8.906250000000000000e+02
8.906250000000000000e+02
8.632812500000000000e+02
7.890625000000000000e+02
9.570312500000000000e+02
1.031250000000000000e+03
9.023437500000000000e+02
1.273437500000000000e+03
9.179687500000000000e+02
1.328125000000000000e+03
7.031250000000000000e+02
7.656250000000000000e+02
7.695312500000000000e+02
8.437500000000000000e+02
8.828125000000000000e+02
7.421875000000000000e+02
7.031250000000000000e+02
7.148437500000000000e+02
8.945312500000000000e+02
6.914062500000000000e+02
1.066406250000000000e+03
1.421875000000000000e+03
1.214843750000000000e+03
1.125000000000000000e+03
1.156250000000000000e+03
8.281250000000000000e+02
8.906250000000000000e+02
9.609375000000000000e+02
1.417968750000000000e+03
9.843750000000000000e+02
1.437500000000000000e+03
1.843750000000000000e+03
1.023437500000000000e+03
1.101562500000000000e+03
8.085937500000000000e+02
7.265625000000000000e+02
9.921875000000000000e+02
8.593750000000000000e+02
7.226562500000000000e+02
1.011718750000000000e+03
7.851562500000000000e+02
8.007812500000000000e+02
1.042968750000000000e+03
7.812500000000000000e+02
7.460937500000000000e+02
8.203125000000000000e+02
1.140625000000000000e+03
7.890625000000000000e+02
7.304687500000000000e+02
9.648437500000000000e+02
6.835937500000000000e+02
7.109375000000000000e+02
7.226562500000000000e+02
6.796875000000000000e+02
7.617187500000000000e+02
1.210937500000000000e+03
1.324218750000000000e+03
1.171875000000000000e+03
8.515625000000000000e+02
1.253906250000000000e+03
4.863281250000000000e+03
8.828125000000000000e+02
8.476562500000000000e+02
8.906250000000000000e+02
7.343750000000000000e+02
8.085937500000000000e+02
7.812500000000000000e+02
1.132812500000000000e+03
1.046875000000000000e+03
8.945312500000000000e+02
1.175781250000000000e+03
7.500000000000000000e+02
8.398437500000000000e+02
7.070312500000000000e+02
1.046875000000000000e+03
8.242187500000000000e+02
1.121093750000000000e+03
6.875000000000000000e+02
8.320312500000000000e+02
7.695312500000000000e+02
7.031250000000000000e+02
6.757812500000000000e+02
6.718750000000000000e+02
6.875000000000000000e+02
1.347656250000000000e+03
1.304687500000000000e+03
6.718750000000000000e+02
1.300781250000000000e+03
1.421875000000000000e+03
7.382812500000000000e+02
1.042968750000000000e+03
6.679687500000000000e+02
1.351562500000000000e+03
6.992187500000000000e+02
3.566406250000000000e+03
1.058593750000000000e+03
2.667968750000000000e+03
1.101562500000000000e+03
2.375000000000000000e+03
1.359375000000000000e+03
8.984375000000000000e+02
1.046875000000000000e+03
1.339843750000000000e+03
6.953125000000000000e+02
1.281250000000000000e+03
6.679687500000000000e+02
6.914062500000000000e+02
