2.960937500000000000e+03
2.734375000000000000e+03
8.984375000000000000e+02
6.718750000000000000e+02
1.265625000000000000e+03
1.113281250000000000e+03
8.945312500000000000e+02
1.343750000000000000e+03
8.320312500000000000e+02
7.226562500000000000e+02
1.558593750000000000e+03
6.953125000000000000e+02
1.185937500000000000e+04
7.539062500000000000e+02
7.343750000000000000e+02
6.835937500000000000e+02
6.679687500000000000e+02
1.183593750000000000e+03
1.214843750000000000e+03
8.984375000000000000e+02
7.382812500000000000e+02
7.148437500000000000e+02
6.992187500000000000e+02
7.773437500000000000e+02
7.382812500000000000e+02
8.867187500000000000e+02
7.109375000000000000e+02
1.035156250000000000e+03
2.050781250000000000e+03
1.011718750000000000e+03
9.257812500000000000e+02
8.007812500000000000e+02
8.125000000000000000e+02
7.265625000000000000e+02
1.109375000000000000e+03
8.476562500000000000e+02
8.085937500000000000e+02
1.343750000000000000e+03
6.502343750000000000e+04
8.398437500000000000e+02
9.804687500000000000e+02
1.156250000000000000e+03
8.242187500000000000e+02
1.375000000000000000e+03
1.304687500000000000e+03
1.308593750000000000e+03
1.363281250000000000e+03
1.011718750000000000e+03
8.242187500000000000e+02
1.054687500000000000e+03
7.929687500000000000e+02
1.785156250000000000e+03
2.097656250000000000e+03
7.539062500000000000e+02
8.203125000000000000e+02
7.070312500000000000e+02
8.085937500000000000e+02
7.617187500000000000e+02
1.261718750000000000e+03
7.734375000000000000e+02
7.460937500000000000e+02
9.492187500000000000e+02
1.222656250000000000e+03
1.082031250000000000e+03
8.164062500000000000e+02
7.148437500000000000e+02
7.968750000000000000e+02
8.281250000000000000e+02
8.984375000000000000e+02
7.656250000000000000e+02
8.281250000000000000e+02
9.492187500000000000e+02
6.914062500000000000e+02
7.343750000000000000e+02
1.164062500000000000e+03
8.007812500000000000e+02
1.109375000000000000e+03
7.656250000000000000e+02
6.796875000000000000e+02
1.695312500000000000e+03
7.812500000000000000e+02
8.789062500000000000e+02
9.335937500000000000e+02
7.226562500000000000e+02
8.359375000000000000e+02
1.750000000000000000e+03
1.292968750000000000e+03
8.242187500000000000e+02
9.804687500000000000e+02
9.609375000000000000e+02
8.476562500000000000e+02
9.609375000000000000e+02
1.250000000000000000e+03
6.914062500000000000e+02
9.023437500000000000e+02
1.711718750000000000e+04
8.632812500000000000e+02
1.511718750000000000e+03
9.960937500000000000e+02
1.817187500000000000e+04
1.757812500000000000e+03
1.125000000000000000e+03
7.046875000000000000e+03
9.179687500000000000e+02
9.492187500000000000e+02
1.199218750000000000e+03
7.265625000000000000e+02
8.710937500000000000e+02
8.632812500000000000e+02
8.984375000000000000e+02
7.304687500000000000e+02
1.300781250000000000e+03
1.042968750000000000e+03
9.023437500000000000e+02
1.210937500000000000e+03
1.191406250000000000e+03
8.710937500000000000e+02
1.031250000000000000e+03
8.632812500000000000e+02
6.679687500000000000e+02
1.226562500000000000e+03
1.453125000000000000e+03
9.765625000000000000e+02
7.500000000000000000e+02
1.093750000000000000e+03
1.230468750000000000e+03
8.906250000000000000e+02
9.648437500000000000e+02
1.011718750000000000e+03
1.023437500000000000e+03
8.867187500000000000e+02
7.031250000000000000e+02
8.398437500000000000e+02
7.734375000000000000e+02
1.089843750000000000e+03
1.660156250000000000e+03
1.481640625000000000e+04
1.316406250000000000e+03
3.488281250000000000e+03
8.593750000000000000e+02
1.195312500000000000e+03
7.617187500000000000e+02
9.765625000000000000e+02
9.843750000000000000e+02
8.750000000000000000e+02
1.128906250000000000e+03
1.453125000000000000e+03
1.140625000000000000e+03
8.710937500000000000e+02
1.083203125000000000e+05
6.914062500000000000e+02
8.281250000000000000e+02
1.378906250000000000e+03
7.812500000000000000e+02
1.773437500000000000e+03
3.242187500000000000e+03
4.503906250000000000e+03
1.933593750000000000e+03
7.460937500000000000e+02
1.804687500000000000e+03
9.179687500000000000e+02
1.929687500000000000e+03
9.414062500000000000e+02
1.804687500000000000e+03
6.992187500000000000e+02
2.218750000000000000e+03
8.085937500000000000e+02
7.382812500000000000e+02
7.539062500000000000e+02
7.265625000000000000e+02
9.296875000000000000e+02
4.699218750000000000e+03
8.515625000000000000e+02
