1.304687500000000000e+03
1.292968750000000000e+03
1.363281250000000000e+03
7.226562500000000000e+02
7.343750000000000000e+02
1.511718750000000000e+03
7.812500000000000000e+02
7.851562500000000000e+02
7.695312500000000000e+02
7.929687500000000000e+02
1.558593750000000000e+03
7.539062500000000000e+02
7.578125000000000000e+02
7.382812500000000000e+02
7.265625000000000000e+02
7.226562500000000000e+02
7.187500000000000000e+02
7.187500000000000000e+02
7.109375000000000000e+02
7.148437500000000000e+02
7.109375000000000000e+02
7.070312500000000000e+02
7.109375000000000000e+02
7.187500000000000000e+02
7.070312500000000000e+02
7.109375000000000000e+02
7.109375000000000000e+02
7.070312500000000000e+02
7.070312500000000000e+02
1.437500000000000000e+03
7.187500000000000000e+02
7.265625000000000000e+02
7.148437500000000000e+02
7.148437500000000000e+02
7.265625000000000000e+02
7.226562500000000000e+02
7.109375000000000000e+02
2.144531250000000000e+03
7.070312500000000000e+02
7.265625000000000000e+02
7.109375000000000000e+02
7.265625000000000000e+02
7.187500000000000000e+02
7.148437500000000000e+02
7.187500000000000000e+02
1.437500000000000000e+03
7.226562500000000000e+02
7.187500000000000000e+02
7.187500000000000000e+02
7.226562500000000000e+02
7.226562500000000000e+02
7.148437500000000000e+02
7.109375000000000000e+02
7.031250000000000000e+02
7.031250000000000000e+02
7.070312500000000000e+02
7.031250000000000000e+02
7.109375000000000000e+02
7.265625000000000000e+02
7.148437500000000000e+02
7.343750000000000000e+02
7.382812500000000000e+02
1.476562500000000000e+03
7.617187500000000000e+02
7.578125000000000000e+02
7.656250000000000000e+02
7.656250000000000000e+02
1.496093750000000000e+03
7.382812500000000000e+02
7.226562500000000000e+02
7.187500000000000000e+02
7.070312500000000000e+02
7.187500000000000000e+02
7.226562500000000000e+02
9.492187500000000000e+02
1.246093750000000000e+03
7.382812500000000000e+02
7.460937500000000000e+02
7.695312500000000000e+02
7.500000000000000000e+02
7.734375000000000000e+02
7.890625000000000000e+02
7.773437500000000000e+02
7.929687500000000000e+02
8.007812500000000000e+02
7.695312500000000000e+02
7.890625000000000000e+02
7.929687500000000000e+02
7.812500000000000000e+02
7.929687500000000000e+02
1.605468750000000000e+03
8.125000000000000000e+02
8.085937500000000000e+02
7.968750000000000000e+02
8.046875000000000000e+02
1.234375000000000000e+03
1.804687500000000000e+03
7.656250000000000000e+02
1.242187500000000000e+03
1.101562500000000000e+03
8.164062500000000000e+02
8.007812500000000000e+02
8.242187500000000000e+02
8.710937500000000000e+02
8.867187500000000000e+02
9.101562500000000000e+02
9.218750000000000000e+02
9.062500000000000000e+02
8.789062500000000000e+02
8.398437500000000000e+02
8.281250000000000000e+02
8.515625000000000000e+02
8.750000000000000000e+02
8.242187500000000000e+02
8.632812500000000000e+02
8.789062500000000000e+02
8.437500000000000000e+02
8.789062500000000000e+02
9.101562500000000000e+02
9.218750000000000000e+02
8.984375000000000000e+02
9.023437500000000000e+02
9.101562500000000000e+02
9.296875000000000000e+02
9.218750000000000000e+02
8.867187500000000000e+02
8.281250000000000000e+02
8.320312500000000000e+02
8.632812500000000000e+02
8.750000000000000000e+02
8.984375000000000000e+02
8.984375000000000000e+02
9.023437500000000000e+02
8.554687500000000000e+02
8.476562500000000000e+02
8.437500000000000000e+02
8.554687500000000000e+02
9.062500000000000000e+02
8.632812500000000000e+02
8.906250000000000000e+02
8.984375000000000000e+02
1.742187500000000000e+03
8.281250000000000000e+02
8.242187500000000000e+02
8.320312500000000000e+02
8.242187500000000000e+02
8.398437500000000000e+02
8.593750000000000000e+02
8.554687500000000000e+02
8.437500000000000000e+02
8.320312500000000000e+02
8.671875000000000000e+02
8.828125000000000000e+02
8.789062500000000000e+02
9.062500000000000000e+02
9.140625000000000000e+02
8.710937500000000000e+02
8.554687500000000000e+02
7.968750000000000000e+02
8.828125000000000000e+02
8.476562500000000000e+02
8.398437500000000000e+02
1.976562500000000000e+03
1.335937500000000000e+03
8.203125000000000000e+02
8.281250000000000000e+02
8.203125000000000000e+02
3.902343750000000000e+03
1.535156250000000000e+03
7.890625000000000000e+02
7.890625000000000000e+02
8.125000000000000000e+02
1.726562500000000000e+03
1.175781250000000000e+03
7.109375000000000000e+02
7.929687500000000000e+02
8.906250000000000000e+02
2.562500000000000000e+03
7.656250000000000000e+02
7.812500000000000000e+02
1.566406250000000000e+03
7.773437500000000000e+02
7.695312500000000000e+02
7.617187500000000000e+02
7.851562500000000000e+02
7.773437500000000000e+02
7.773437500000000000e+02
7.734375000000000000e+02
7.812500000000000000e+02
8.281250000000000000e+02
8.671875000000000000e+02
8.593750000000000000e+02
8.476562500000000000e+02
8.554687500000000000e+02
3.406250000000000000e+03
8.203125000000000000e+02
3.921875000000000000e+03
8.359375000000000000e+02
7.226562500000000000e+02
8.398437500000000000e+02
1.699218750000000000e+03
8.867187500000000000e+02
8.515625000000000000e+02
8.593750000000000000e+02
8.398437500000000000e+02
8.554687500000000000e+02
8.593750000000000000e+02
8.476562500000000000e+02
7.929687500000000000e+02
8.281250000000000000e+02
8.398437500000000000e+02
1.656250000000000000e+03
8.828125000000000000e+02
8.476562500000000000e+02
8.671875000000000000e+02
8.867187500000000000e+02
8.398437500000000000e+02
8.750000000000000000e+02
9.062500000000000000e+02
8.945312500000000000e+02
9.414062500000000000e+02
9.335937500000000000e+02
2.777343750000000000e+03
9.179687500000000000e+02
9.335937500000000000e+02
9.218750000000000000e+02
9.179687500000000000e+02
9.453125000000000000e+02
9.257812500000000000e+02
9.140625000000000000e+02
9.375000000000000000e+02
9.179687500000000000e+02
9.218750000000000000e+02
9.531250000000000000e+02
9.218750000000000000e+02
9.023437500000000000e+02
9.335937500000000000e+02
9.062500000000000000e+02
8.906250000000000000e+02
9.296875000000000000e+02
9.140625000000000000e+02
8.281250000000000000e+02
8.632812500000000000e+02
8.398437500000000000e+02
8.320312500000000000e+02
1.656250000000000000e+03
8.007812500000000000e+02
8.007812500000000000e+02
7.929687500000000000e+02
1.023437500000000000e+03
1.304687500000000000e+03
7.539062500000000000e+02
1.480468750000000000e+03
1.472656250000000000e+03
1.515625000000000000e+03
3.226562500000000000e+03
2.199218750000000000e+03
4.597656250000000000e+03
8.621093750000000000e+03
3.515625000000000000e+03
1.832031250000000000e+03
1.832031250000000000e+04
8.710937500000000000e+02
1.785156250000000000e+03
8.945312500000000000e+02
1.710937500000000000e+03
8.789062500000000000e+02
2.671875000000000000e+03
8.828125000000000000e+02
2.105078125000000000e+04
2.804687500000000000e+03
9.687500000000000000e+02
3.777343750000000000e+03
2.348046875000000000e+04
9.101562500000000000e+02
4.964062500000000000e+04
1.796875000000000000e+03
2.722656250000000000e+03
8.296875000000000000e+03
8.476562500000000000e+02
8.984375000000000000e+02
9.335937500000000000e+02
6.281250000000000000e+03
3.511718750000000000e+03
6.464843750000000000e+03
7.144531250000000000e+03
1.703125000000000000e+03
8.806250000000000000e+04
8.667968750000000000e+03
1.429687500000000000e+03
6.281250000000000000e+04
6.916406250000000000e+04
6.207031250000000000e+03
8.906250000000000000e+02
1.710937500000000000e+03
3.910546875000000000e+04
2.882812500000000000e+03
1.367187500000000000e+03
6.718750000000000000e+02
1.937500000000000000e+03
3.734375000000000000e+03
3.746093750000000000e+03
1.449218750000000000e+03
2.242187500000000000e+03
1.300781250000000000e+04
1.366796875000000000e+04
1.157812500000000000e+04
2.378906250000000000e+03
7.382812500000000000e+02
7.226562500000000000e+02
7.031250000000000000e+02
6.875000000000000000e+02
6.718750000000000000e+02
6.757812500000000000e+02
2.566406250000000000e+03
1.234375000000000000e+03
1.320312500000000000e+03
6.875000000000000000e+02
6.757812500000000000e+02
2.894531250000000000e+03
1.597656250000000000e+03
8.632812500000000000e+02
2.613281250000000000e+03
8.945312500000000000e+02
4.410156250000000000e+03
2.632812500000000000e+03
8.164062500000000000e+02
8.007812500000000000e+02
7.929687500000000000e+02
1.554687500000000000e+03
7.851562500000000000e+02
3.207031250000000000e+03
8.242187500000000000e+02
1.628906250000000000e+03
1.652343750000000000e+03
7.968750000000000000e+02
8.007812500000000000e+02
7.890625000000000000e+02
7.734375000000000000e+02
7.500000000000000000e+02
7.265625000000000000e+02
7.226562500000000000e+02
7.265625000000000000e+02
7.421875000000000000e+02
7.500000000000000000e+02
7.695312500000000000e+02
7.773437500000000000e+02
8.085937500000000000e+02
8.242187500000000000e+02
7.890625000000000000e+02
1.558593750000000000e+03
7.851562500000000000e+02
2.265625000000000000e+03
3.582031250000000000e+03
6.835937500000000000e+02
6.679687500000000000e+02
1.320312500000000000e+03
2.253906250000000000e+03
8.281250000000000000e+02
8.632812500000000000e+02
8.710937500000000000e+02
8.750000000000000000e+02
8.710937500000000000e+02
8.398437500000000000e+02
8.632812500000000000e+02
8.320312500000000000e+02
8.320312500000000000e+02
8.007812500000000000e+02
7.695312500000000000e+02
8.007812500000000000e+02
8.125000000000000000e+02
8.242187500000000000e+02
8.281250000000000000e+02
1.636718750000000000e+03
1.632812500000000000e+03
1.585937500000000000e+03
7.617187500000000000e+02
7.773437500000000000e+02
8.085937500000000000e+02
8.515625000000000000e+02
8.671875000000000000e+02
8.828125000000000000e+02
8.906250000000000000e+02
8.945312500000000000e+02
8.632812500000000000e+02
8.750000000000000000e+02
4.175781250000000000e+03
1.656250000000000000e+03
3.339843750000000000e+03
1.687500000000000000e+03
8.515625000000000000e+02
8.515625000000000000e+02
8.750000000000000000e+02
8.867187500000000000e+02
8.867187500000000000e+02
8.789062500000000000e+02
1.753906250000000000e+03
8.515625000000000000e+02
8.554687500000000000e+02
8.554687500000000000e+02
1.687500000000000000e+03
1.644531250000000000e+03
6.656250000000000000e+03
6.523437500000000000e+03
1.640625000000000000e+03
8.125000000000000000e+02
1.609375000000000000e+03
7.773437500000000000e+02
7.773437500000000000e+02
7.890625000000000000e+02
6.425781250000000000e+03
1.542968750000000000e+03
7.695312500000000000e+02
1.539062500000000000e+03
1.515625000000000000e+03
1.488281250000000000e+03
7.343750000000000000e+02
7.187500000000000000e+02
7.070312500000000000e+02
6.875000000000000000e+02
6.718750000000000000e+02
1.300781250000000000e+03
1.269531250000000000e+03
