9.843750000000000000e+02
7.695312500000000000e+02
9.882812500000000000e+02
6.953125000000000000e+02
1.398437500000000000e+03
7.617187500000000000e+02
6.679687500000000000e+02
1.101562500000000000e+03
1.187500000000000000e+03
6.875000000000000000e+02
1.121093750000000000e+03
9.414062500000000000e+02
7.265625000000000000e+02
1.976562500000000000e+03
1.371093750000000000e+03
9.531250000000000000e+02
1.003906250000000000e+03
7.421875000000000000e+02
7.148437500000000000e+02
1.253906250000000000e+03
9.648437500000000000e+02
1.566406250000000000e+03
8.593750000000000000e+02
9.648437500000000000e+02
6.992187500000000000e+02
7.187500000000000000e+02
7.500000000000000000e+02
7.421875000000000000e+02
9.960937500000000000e+02
7.031250000000000000e+02
1.117187500000000000e+03
1.253906250000000000e+03
7.421875000000000000e+02
1.003906250000000000e+03
9.296875000000000000e+02
8.046875000000000000e+02
8.398437500000000000e+02
1.199218750000000000e+03
9.960937500000000000e+02
9.179687500000000000e+02
1.371093750000000000e+03
1.371093750000000000e+03
8.789062500000000000e+02
8.906250000000000000e+02
1.386718750000000000e+03
2.468750000000000000e+03
7.500000000000000000e+02
1.109375000000000000e+03
3.605468750000000000e+03
8.320312500000000000e+02
1.550781250000000000e+03
6.835937500000000000e+02
2.839843750000000000e+03
1.332031250000000000e+03
9.140625000000000000e+02
1.757812500000000000e+03
8.281250000000000000e+02
2.128906250000000000e+03
1.130468750000000000e+04
1.222656250000000000e+03
7.953125000000000000e+03
1.203125000000000000e+03
1.304687500000000000e+03
1.078125000000000000e+03
1.718750000000000000e+03
7.109375000000000000e+02
1.304687500000000000e+03
1.324218750000000000e+03
1.003906250000000000e+03
1.433593750000000000e+03
2.855468750000000000e+03
8.632812500000000000e+02
1.484375000000000000e+03
9.218750000000000000e+02
1.191406250000000000e+03
