1.199218750000000000e+03
7.656250000000000000e+02
6.835937500000000000e+02
4.085937500000000000e+03
7.500000000000000000e+02
3.050781250000000000e+03
1.066406250000000000e+03
5.804687500000000000e+03
6.718750000000000000e+03
7.812500000000000000e+02
4.734375000000000000e+03
5.820312500000000000e+03
8.203125000000000000e+02
8.632812500000000000e+02
7.695312500000000000e+02
7.421875000000000000e+02
7.656250000000000000e+02
1.070312500000000000e+03
2.464843750000000000e+03
8.570312500000000000e+03
2.005078125000000000e+04
7.132812500000000000e+03
7.343750000000000000e+02
1.421875000000000000e+03
7.226562500000000000e+02
1.417968750000000000e+03
1.007812500000000000e+03
9.609375000000000000e+02
1.167968750000000000e+03
7.734375000000000000e+02
7.070312500000000000e+02
1.203125000000000000e+03
7.148437500000000000e+02
1.050781250000000000e+03
6.992187500000000000e+02
9.375000000000000000e+02
8.476562500000000000e+02
1.316406250000000000e+03
6.679687500000000000e+02
1.544921875000000000e+04
5.660156250000000000e+03
1.218750000000000000e+03
9.921875000000000000e+02
8.984375000000000000e+02
1.285156250000000000e+03
1.031250000000000000e+03
1.253906250000000000e+03
1.046875000000000000e+03
2.921875000000000000e+03
1.898437500000000000e+03
1.541796875000000000e+04
1.894531250000000000e+03
1.667968750000000000e+03
1.867187500000000000e+03
1.585156250000000000e+04
9.101562500000000000e+02
1.582031250000000000e+03
1.296875000000000000e+03
4.917968750000000000e+03
1.801953125000000000e+04
8.906250000000000000e+02
1.507812500000000000e+03
1.140625000000000000e+03
1.003906250000000000e+03
1.218750000000000000e+03
1.523437500000000000e+03
8.906250000000000000e+02
8.515625000000000000e+02
7.187500000000000000e+02
8.476562500000000000e+02
8.203125000000000000e+02
8.671875000000000000e+02
1.312500000000000000e+03
2.683593750000000000e+03
1.347656250000000000e+03
7.851562500000000000e+02
8.437500000000000000e+02
1.027343750000000000e+03
1.066406250000000000e+03
1.238281250000000000e+03
4.746093750000000000e+03
1.207031250000000000e+03
1.046875000000000000e+03
6.679687500000000000e+02
1.265625000000000000e+03
1.000000000000000000e+03
8.164062500000000000e+02
8.164062500000000000e+02
8.828125000000000000e+02
7.500000000000000000e+02
9.843750000000000000e+02
8.671875000000000000e+02
6.992187500000000000e+02
1.066406250000000000e+03
1.316406250000000000e+03
7.187500000000000000e+02
9.140625000000000000e+02
1.347656250000000000e+03
1.035156250000000000e+03
7.968750000000000000e+02
1.113281250000000000e+03
9.335937500000000000e+02
1.035156250000000000e+03
3.144531250000000000e+03
1.290234375000000000e+04
1.433593750000000000e+03
1.410156250000000000e+03
1.003906250000000000e+03
1.035156250000000000e+03
7.343750000000000000e+02
8.476562500000000000e+02
7.851562500000000000e+02
1.187500000000000000e+03
6.953125000000000000e+02
6.718750000000000000e+02
1.308593750000000000e+03
1.250000000000000000e+03
6.953125000000000000e+02
9.375000000000000000e+02
7.500000000000000000e+02
1.050781250000000000e+03
7.500000000000000000e+02
6.679687500000000000e+02
6.835937500000000000e+02
9.843750000000000000e+02
8.476562500000000000e+02
6.679687500000000000e+02
1.250000000000000000e+03
9.843750000000000000e+02
7.812500000000000000e+02
8.359375000000000000e+02
8.085937500000000000e+02
6.679687500000000000e+02
7.421875000000000000e+02
9.492187500000000000e+02
6.835937500000000000e+02
6.835937500000000000e+02
6.835937500000000000e+02
7.500000000000000000e+02
1.000000000000000000e+03
1.117187500000000000e+03
8.828125000000000000e+02
1.335937500000000000e+03
2.781250000000000000e+03
8.164062500000000000e+02
1.132812500000000000e+03
1.332031250000000000e+03
6.835937500000000000e+02
1.265625000000000000e+03
7.148437500000000000e+02
7.656250000000000000e+02
1.218750000000000000e+03
1.000000000000000000e+03
1.664062500000000000e+03
1.015625000000000000e+03
7.656250000000000000e+02
9.687500000000000000e+02
1.613281250000000000e+03
6.914062500000000000e+02
7.500000000000000000e+02
1.429687500000000000e+03
1.960937500000000000e+03
1.605468750000000000e+03
1.929687500000000000e+03
8.164062500000000000e+02
8.984375000000000000e+02
8.828125000000000000e+02
1.082031250000000000e+03
8.320312500000000000e+02
6.992187500000000000e+02
6.992187500000000000e+02
9.492187500000000000e+02
1.066406250000000000e+03
7.656250000000000000e+02
1.265625000000000000e+03
7.812500000000000000e+02
1.148437500000000000e+03
8.828125000000000000e+02
9.492187500000000000e+02
6.835937500000000000e+02
6.992187500000000000e+02
9.492187500000000000e+02
7.656250000000000000e+02
1.066406250000000000e+03
6.992187500000000000e+02
7.968750000000000000e+02
7.343750000000000000e+02
1.332031250000000000e+03
7.343750000000000000e+02
1.265625000000000000e+03
8.007812500000000000e+02
9.648437500000000000e+02
7.343750000000000000e+02
1.363281250000000000e+03
1.316406250000000000e+03
8.671875000000000000e+02
8.164062500000000000e+02
1.265625000000000000e+03
7.656250000000000000e+02
9.843750000000000000e+02
7.656250000000000000e+02
1.066406250000000000e+03
6.835937500000000000e+02
7.656250000000000000e+02
7.656250000000000000e+02
6.835937500000000000e+02
1.949218750000000000e+03
7.500000000000000000e+02
8.828125000000000000e+02
7.500000000000000000e+02
1.000000000000000000e+03
1.148437500000000000e+03
6.835937500000000000e+02
1.066406250000000000e+03
1.265625000000000000e+03
7.343750000000000000e+02
7.812500000000000000e+02
6.835937500000000000e+02
8.007812500000000000e+02
1.417968750000000000e+03
8.476562500000000000e+02
8.398437500000000000e+02
1.160156250000000000e+03
8.320312500000000000e+02
1.382812500000000000e+03
8.828125000000000000e+02
1.117187500000000000e+03
1.281250000000000000e+03
1.101562500000000000e+03
9.492187500000000000e+02
1.035156250000000000e+03
8.476562500000000000e+02
1.015625000000000000e+03
6.835937500000000000e+02
7.031250000000000000e+02
1.101562500000000000e+03
4.144531250000000000e+03
1.132812500000000000e+03
8.671875000000000000e+02
1.716406250000000000e+04
8.203125000000000000e+02
1.042968750000000000e+03
7.343750000000000000e+02
6.464843750000000000e+03
1.027343750000000000e+03
1.105468750000000000e+03
9.218750000000000000e+02
7.890625000000000000e+02
6.757812500000000000e+02
9.101562500000000000e+02
6.679687500000000000e+02
6.992187500000000000e+02
9.648437500000000000e+02
6.835937500000000000e+02
1.226562500000000000e+03
1.214843750000000000e+03
6.679687500000000000e+02
8.984375000000000000e+02
9.335937500000000000e+02
1.765625000000000000e+03
7.500000000000000000e+02
9.492187500000000000e+02
9.882812500000000000e+02
1.261718750000000000e+03
8.828125000000000000e+02
6.835937500000000000e+02
6.992187500000000000e+02
1.117187500000000000e+03
7.500000000000000000e+02
1.882812500000000000e+03
6.835937500000000000e+02
1.300781250000000000e+03
1.097656250000000000e+03
9.843750000000000000e+02
2.867187500000000000e+03
7.812500000000000000e+02
6.679687500000000000e+02
9.804687500000000000e+02
1.269531250000000000e+03
2.437500000000000000e+03
6.953125000000000000e+02
8.750000000000000000e+02
7.265625000000000000e+02
7.148437500000000000e+02
6.679687500000000000e+02
