6.796875000000000000e+02
6.718750000000000000e+02
6.679687500000000000e+02
1.296875000000000000e+03
1.332031250000000000e+03
1.320312500000000000e+03
6.757812500000000000e+02
6.992187500000000000e+02
6.992187500000000000e+02
7.109375000000000000e+02
6.992187500000000000e+02
6.875000000000000000e+02
6.914062500000000000e+02
7.265625000000000000e+02
7.265625000000000000e+02
7.226562500000000000e+02
6.992187500000000000e+02
7.031250000000000000e+02
7.187500000000000000e+02
7.187500000000000000e+02
1.304687500000000000e+03
1.929687500000000000e+03
1.906250000000000000e+03
1.250000000000000000e+03
1.210937500000000000e+03
1.160156250000000000e+03
1.125000000000000000e+03
1.183593750000000000e+03
1.292968750000000000e+03
2.246093750000000000e+03
8.476562500000000000e+02
7.851562500000000000e+02
7.656250000000000000e+02
7.968750000000000000e+02
7.851562500000000000e+02
7.695312500000000000e+02
7.734375000000000000e+02
8.085937500000000000e+02
8.085937500000000000e+02
8.398437500000000000e+02
7.382812500000000000e+02
5.277343750000000000e+03
1.621093750000000000e+03
7.500000000000000000e+02
7.265625000000000000e+02
3.542968750000000000e+03
7.070312500000000000e+02
7.187500000000000000e+02
6.992187500000000000e+02
7.031250000000000000e+02
7.109375000000000000e+02
6.914062500000000000e+02
6.875000000000000000e+02
7.265625000000000000e+02
7.109375000000000000e+02
7.031250000000000000e+02
6.914062500000000000e+02
1.351562500000000000e+03
2.007812500000000000e+03
6.723046875000000000e+04
1.346875000000000000e+04
5.777343750000000000e+03
2.082031250000000000e+03
2.007812500000000000e+03
1.343750000000000000e+03
1.410156250000000000e+03
6.953125000000000000e+02
6.953125000000000000e+02
7.109375000000000000e+02
7.148437500000000000e+02
7.070312500000000000e+02
1.359375000000000000e+03
1.335937500000000000e+03
2.574218750000000000e+03
1.984375000000000000e+03
1.328125000000000000e+03
6.757812500000000000e+02
7.500000000000000000e+02
7.031250000000000000e+02
7.031250000000000000e+02
6.914062500000000000e+02
6.992187500000000000e+02
7.148437500000000000e+02
6.875000000000000000e+02
6.679687500000000000e+02
6.796875000000000000e+02
6.796875000000000000e+02
1.339843750000000000e+03
1.320312500000000000e+03
1.324218750000000000e+03
6.718750000000000000e+02
7.070312500000000000e+02
6.914062500000000000e+02
7.031250000000000000e+02
7.070312500000000000e+02
7.031250000000000000e+02
7.070312500000000000e+02
6.953125000000000000e+02
6.757812500000000000e+02
6.718750000000000000e+02
7.289062500000000000e+03
1.773046875000000000e+04
2.582031250000000000e+03
5.117187500000000000e+03
6.718750000000000000e+02
1.328125000000000000e+03
2.003906250000000000e+03
2.664062500000000000e+03
2.023437500000000000e+03
1.980468750000000000e+03
1.941406250000000000e+03
8.339843750000000000e+03
7.140625000000000000e+03
1.281250000000000000e+03
1.273437500000000000e+03
1.207031250000000000e+04
1.234375000000000000e+03
1.265625000000000000e+03
2.007812500000000000e+03
1.988281250000000000e+03
1.316406250000000000e+03
1.285156250000000000e+03
1.304687500000000000e+03
1.304687500000000000e+03
6.679687500000000000e+02
1.308593750000000000e+03
1.300781250000000000e+03
1.917968750000000000e+03
1.292968750000000000e+03
6.757812500000000000e+02
1.320312500000000000e+03
1.328125000000000000e+03
1.964843750000000000e+03
7.617187500000000000e+03
1.937500000000000000e+03
4.289062500000000000e+03
2.363281250000000000e+03
1.203125000000000000e+03
4.277343750000000000e+03
5.585937500000000000e+03
5.582031250000000000e+03
7.273437500000000000e+03
6.718750000000000000e+02
6.835937500000000000e+02
6.796875000000000000e+02
2.031250000000000000e+03
1.324218750000000000e+03
1.300781250000000000e+03
9.113281250000000000e+03
2.546875000000000000e+03
1.300781250000000000e+03
1.304687500000000000e+03
1.937500000000000000e+03
1.886718750000000000e+03
1.222656250000000000e+03
1.234375000000000000e+03
1.261718750000000000e+03
1.265625000000000000e+03
1.277343750000000000e+03
1.242187500000000000e+03
3.726562500000000000e+03
6.679687500000000000e+02
6.757812500000000000e+02
6.835937500000000000e+02
1.351562500000000000e+03
6.835937500000000000e+02
6.718750000000000000e+02
1.292968750000000000e+03
1.257812500000000000e+03
1.796875000000000000e+03
1.238281250000000000e+03
1.292968750000000000e+03
1.320312500000000000e+03
1.304687500000000000e+03
1.304687500000000000e+03
1.972656250000000000e+03
1.296875000000000000e+03
1.292968750000000000e+03
1.367187500000000000e+03
7.070312500000000000e+02
7.109375000000000000e+02
6.914062500000000000e+02
7.070312500000000000e+02
7.070312500000000000e+02
6.835937500000000000e+02
1.335937500000000000e+03
3.238281250000000000e+03
1.914062500000000000e+03
1.257812500000000000e+03
1.246093750000000000e+03
1.828125000000000000e+03
1.210937500000000000e+03
1.257812500000000000e+03
6.875000000000000000e+02
7.265625000000000000e+02
6.796875000000000000e+02
6.679687500000000000e+02
2.664062500000000000e+03
1.304687500000000000e+03
1.269531250000000000e+03
1.285156250000000000e+03
2.527343750000000000e+03
1.417968750000000000e+04
1.957031250000000000e+03
1.289062500000000000e+03
1.289062500000000000e+03
1.308593750000000000e+03
1.992187500000000000e+03
1.107031250000000000e+04
1.289062500000000000e+03
1.898437500000000000e+03
1.882812500000000000e+03
1.234375000000000000e+03
1.816406250000000000e+03
