1.207031250000000000e+03
8.867187500000000000e+02
9.531250000000000000e+02
1.019531250000000000e+03
6.718750000000000000e+02
8.593750000000000000e+02
8.203125000000000000e+02
9.804687500000000000e+02
7.148437500000000000e+02
7.187500000000000000e+02
1.835937500000000000e+03
7.187500000000000000e+02
7.539062500000000000e+02
1.042968750000000000e+03
1.257812500000000000e+03
8.632812500000000000e+02
1.003906250000000000e+03
6.796875000000000000e+02
1.183593750000000000e+03
7.890625000000000000e+02
1.480468750000000000e+03
9.335937500000000000e+02
1.085937500000000000e+03
7.031250000000000000e+02
6.757812500000000000e+02
6.953125000000000000e+02
1.000000000000000000e+03
7.031250000000000000e+02
6.757812500000000000e+02
1.093750000000000000e+03
1.304687500000000000e+03
8.242187500000000000e+02
6.992187500000000000e+02
7.304687500000000000e+02
6.796875000000000000e+02
1.062500000000000000e+03
7.890625000000000000e+02
9.414062500000000000e+02
6.953125000000000000e+02
7.031250000000000000e+02
7.226562500000000000e+02
7.109375000000000000e+02
7.031250000000000000e+02
7.851562500000000000e+02
8.515625000000000000e+02
7.734375000000000000e+02
7.890625000000000000e+02
1.296875000000000000e+03
6.796875000000000000e+02
6.953125000000000000e+02
9.687500000000000000e+02
2.527343750000000000e+03
1.269531250000000000e+03
5.117187500000000000e+03
1.339843750000000000e+03
8.750000000000000000e+02
1.347656250000000000e+03
8.554687500000000000e+02
9.296875000000000000e+02
1.304687500000000000e+03
6.679687500000000000e+02
6.875000000000000000e+02
6.914062500000000000e+02
7.070312500000000000e+02
6.757812500000000000e+02
6.992187500000000000e+02
6.953125000000000000e+02
6.757812500000000000e+02
6.796875000000000000e+02
1.316406250000000000e+03
1.460937500000000000e+03
1.074218750000000000e+03
8.203125000000000000e+02
1.339843750000000000e+03
6.835937500000000000e+02
6.914062500000000000e+02
1.187500000000000000e+03
1.535156250000000000e+03
7.421875000000000000e+02
6.683593750000000000e+03
8.476562500000000000e+02
6.757812500000000000e+02
7.382812500000000000e+02
7.343750000000000000e+02
9.726562500000000000e+02
2.117187500000000000e+03
1.414062500000000000e+03
1.035156250000000000e+03
1.234375000000000000e+03
8.710937500000000000e+02
1.531250000000000000e+03
2.183593750000000000e+03
7.812500000000000000e+02
1.101562500000000000e+03
7.148437500000000000e+02
1.128906250000000000e+03
7.031250000000000000e+02
7.695312500000000000e+02
7.148437500000000000e+02
1.308593750000000000e+03
6.992187500000000000e+02
8.007812500000000000e+02
8.164062500000000000e+02
8.281250000000000000e+02
8.203125000000000000e+02
8.242187500000000000e+02
7.500000000000000000e+02
7.773437500000000000e+02
7.851562500000000000e+02
7.890625000000000000e+02
7.421875000000000000e+02
7.617187500000000000e+02
7.421875000000000000e+02
7.929687500000000000e+02
8.242187500000000000e+02
7.812500000000000000e+02
7.734375000000000000e+02
7.187500000000000000e+02
7.734375000000000000e+02
6.992187500000000000e+02
6.835937500000000000e+02
6.835937500000000000e+02
6.679687500000000000e+02
7.656250000000000000e+02
7.265625000000000000e+02
1.125000000000000000e+03
1.085937500000000000e+03
6.875000000000000000e+02
1.355468750000000000e+03
7.343750000000000000e+02
1.343750000000000000e+03
7.656250000000000000e+02
1.046875000000000000e+03
1.117187500000000000e+03
7.812500000000000000e+02
6.796875000000000000e+02
8.945312500000000000e+02
7.382812500000000000e+02
6.718750000000000000e+02
6.914062500000000000e+02
8.593750000000000000e+02
7.539062500000000000e+02
6.679687500000000000e+02
8.750000000000000000e+02
7.382812500000000000e+02
7.148437500000000000e+02
7.304687500000000000e+02
6.875000000000000000e+02
1.218750000000000000e+03
7.148437500000000000e+02
7.343750000000000000e+02
7.304687500000000000e+02
9.765625000000000000e+02
7.500000000000000000e+02
8.281250000000000000e+02
7.187500000000000000e+02
5.125000000000000000e+03
7.226562500000000000e+02
7.187500000000000000e+02
7.070312500000000000e+02
8.476562500000000000e+02
6.875000000000000000e+02
1.152343750000000000e+03
1.363281250000000000e+03
6.679687500000000000e+02
9.531250000000000000e+02
8.242187500000000000e+02
8.476562500000000000e+02
8.007812500000000000e+02
9.570312500000000000e+02
1.480468750000000000e+03
7.187500000000000000e+02
1.191406250000000000e+03
1.859375000000000000e+03
8.984375000000000000e+02
8.085937500000000000e+02
1.218750000000000000e+03
1.218750000000000000e+03
1.226562500000000000e+03
1.714843750000000000e+03
6.796875000000000000e+02
6.757812500000000000e+02
2.984375000000000000e+03
1.003906250000000000e+03
1.734375000000000000e+03
1.183593750000000000e+03
1.089843750000000000e+03
1.214843750000000000e+03
1.429687500000000000e+03
8.632812500000000000e+02
1.000000000000000000e+03
6.679687500000000000e+02
1.039062500000000000e+03
1.574218750000000000e+03
6.953125000000000000e+02
6.718750000000000000e+02
1.886718750000000000e+03
1.222656250000000000e+03
8.125000000000000000e+02
2.191406250000000000e+03
2.105468750000000000e+03
3.804687500000000000e+03
6.835937500000000000e+02
1.039062500000000000e+03
1.121093750000000000e+03
1.503906250000000000e+03
7.382812500000000000e+02
1.382812500000000000e+03
1.335937500000000000e+03
9.492187500000000000e+02
1.558593750000000000e+03
1.101562500000000000e+03
1.242187500000000000e+03
9.023437500000000000e+02
1.015625000000000000e+03
1.191406250000000000e+03
1.308593750000000000e+03
1.332031250000000000e+03
1.390625000000000000e+03
1.230468750000000000e+03
1.250000000000000000e+03
1.171875000000000000e+03
6.992187500000000000e+02
1.210937500000000000e+03
1.054687500000000000e+03
8.164062500000000000e+02
9.453125000000000000e+02
1.593750000000000000e+03
9.296875000000000000e+02
1.308593750000000000e+03
6.757812500000000000e+02
1.023437500000000000e+03
1.328125000000000000e+03
8.320312500000000000e+02
8.398437500000000000e+02
9.843750000000000000e+02
1.003906250000000000e+03
1.371093750000000000e+03
8.476562500000000000e+02
8.945312500000000000e+02
9.023437500000000000e+02
8.007812500000000000e+02
7.695312500000000000e+02
8.906250000000000000e+02
8.984375000000000000e+02
3.011718750000000000e+03
9.726562500000000000e+02
3.863281250000000000e+03
7.734375000000000000e+02
7.031250000000000000e+02
8.867187500000000000e+02
1.199218750000000000e+03
7.773437500000000000e+02
8.007812500000000000e+02
8.906250000000000000e+02
8.281250000000000000e+02
6.679687500000000000e+02
7.148437500000000000e+02
8.789062500000000000e+02
7.695312500000000000e+02
1.140625000000000000e+03
1.506640625000000000e+04
2.921875000000000000e+03
6.953125000000000000e+02
1.023437500000000000e+03
6.679687500000000000e+02
7.539062500000000000e+02
7.343750000000000000e+02
1.449218750000000000e+03
6.718750000000000000e+02
7.773437500000000000e+02
9.062500000000000000e+02
1.285156250000000000e+03
9.375000000000000000e+02
1.000000000000000000e+03
6.718750000000000000e+02
6.718750000000000000e+02
7.734375000000000000e+02
1.812500000000000000e+03
6.796875000000000000e+02
1.023437500000000000e+03
1.183593750000000000e+03
6.835937500000000000e+02
9.804687500000000000e+02
1.113281250000000000e+03
1.308593750000000000e+03
1.312500000000000000e+03
1.128906250000000000e+03
1.164062500000000000e+03
4.703125000000000000e+03
