8.320312500000000000e+02
8.085937500000000000e+02
8.359375000000000000e+02
8.476562500000000000e+02
8.632812500000000000e+02
8.750000000000000000e+02
8.476562500000000000e+02
8.359375000000000000e+02
7.734375000000000000e+02
7.656250000000000000e+02
7.812500000000000000e+02
8.164062500000000000e+02
9.453125000000000000e+02
9.453125000000000000e+02
9.101562500000000000e+02
9.179687500000000000e+02
8.789062500000000000e+02
8.984375000000000000e+02
9.414062500000000000e+02
8.906250000000000000e+02
9.023437500000000000e+02
9.335937500000000000e+02
9.062500000000000000e+02
8.632812500000000000e+02
8.632812500000000000e+02
8.710937500000000000e+02
8.984375000000000000e+02
9.101562500000000000e+02
9.101562500000000000e+02
8.984375000000000000e+02
8.398437500000000000e+02
8.242187500000000000e+02
1.753906250000000000e+03
9.140625000000000000e+02
8.789062500000000000e+02
9.023437500000000000e+02
9.453125000000000000e+02
9.570312500000000000e+02
1.925781250000000000e+03
9.023437500000000000e+02
8.515625000000000000e+02
8.671875000000000000e+02
8.710937500000000000e+02
8.789062500000000000e+02
8.867187500000000000e+02
8.750000000000000000e+02
8.632812500000000000e+02
8.867187500000000000e+02
9.140625000000000000e+02
8.632812500000000000e+02
9.062500000000000000e+02
9.179687500000000000e+02
1.847656250000000000e+03
9.296875000000000000e+02
9.453125000000000000e+02
9.179687500000000000e+02
8.632812500000000000e+02
8.750000000000000000e+02
8.750000000000000000e+02
8.476562500000000000e+02
8.789062500000000000e+02
8.828125000000000000e+02
8.867187500000000000e+02
8.476562500000000000e+02
1.605468750000000000e+03
8.085937500000000000e+02
8.085937500000000000e+02
8.085937500000000000e+02
7.656250000000000000e+02
7.851562500000000000e+02
7.812500000000000000e+02
8.125000000000000000e+02
8.398437500000000000e+02
8.281250000000000000e+02
8.476562500000000000e+02
8.554687500000000000e+02
8.789062500000000000e+02
8.789062500000000000e+02
8.906250000000000000e+02
8.476562500000000000e+02
8.554687500000000000e+02
8.593750000000000000e+02
8.164062500000000000e+02
8.476562500000000000e+02
8.750000000000000000e+02
9.492187500000000000e+02
9.335937500000000000e+02
9.062500000000000000e+02
9.179687500000000000e+02
8.632812500000000000e+02
8.632812500000000000e+02
8.359375000000000000e+02
8.359375000000000000e+02
8.632812500000000000e+02
8.750000000000000000e+02
8.242187500000000000e+02
8.632812500000000000e+02
8.945312500000000000e+02
4.593750000000000000e+03
1.691406250000000000e+03
7.734375000000000000e+02
7.890625000000000000e+02
8.359375000000000000e+02
8.007812500000000000e+02
8.554687500000000000e+02
9.101562500000000000e+02
9.726562500000000000e+02
1.042968750000000000e+03
1.042968750000000000e+03
9.531250000000000000e+02
9.804687500000000000e+02
9.921875000000000000e+02
9.921875000000000000e+02
9.804687500000000000e+02
9.570312500000000000e+02
8.906250000000000000e+02
8.750000000000000000e+02
8.593750000000000000e+02
9.023437500000000000e+02
9.257812500000000000e+02
9.531250000000000000e+02
9.570312500000000000e+02
9.335937500000000000e+02
9.414062500000000000e+02
9.414062500000000000e+02
9.257812500000000000e+02
9.218750000000000000e+02
9.296875000000000000e+02
9.296875000000000000e+02
9.414062500000000000e+02
8.828125000000000000e+02
9.023437500000000000e+02
8.671875000000000000e+02
9.101562500000000000e+02
9.531250000000000000e+02
1.000000000000000000e+03
9.375000000000000000e+02
9.453125000000000000e+02
9.804687500000000000e+02
9.882812500000000000e+02
9.648437500000000000e+02
8.945312500000000000e+02
9.453125000000000000e+02
9.609375000000000000e+02
9.570312500000000000e+02
9.414062500000000000e+02
9.375000000000000000e+02
9.531250000000000000e+02
9.609375000000000000e+02
9.414062500000000000e+02
8.945312500000000000e+02
9.062500000000000000e+02
9.140625000000000000e+02
8.632812500000000000e+02
8.906250000000000000e+02
9.335937500000000000e+02
8.867187500000000000e+02
9.257812500000000000e+02
9.570312500000000000e+02
9.609375000000000000e+02
9.570312500000000000e+02
9.335937500000000000e+02
8.906250000000000000e+02
8.945312500000000000e+02
9.296875000000000000e+02
9.804687500000000000e+02
9.687500000000000000e+02
9.726562500000000000e+02
9.687500000000000000e+02
9.687500000000000000e+02
9.414062500000000000e+02
9.023437500000000000e+02
8.984375000000000000e+02
9.023437500000000000e+02
8.710937500000000000e+02
8.710937500000000000e+02
8.984375000000000000e+02
9.218750000000000000e+02
9.375000000000000000e+02
8.867187500000000000e+02
9.453125000000000000e+02
9.531250000000000000e+02
9.648437500000000000e+02
9.492187500000000000e+02
9.218750000000000000e+02
8.632812500000000000e+02
8.437500000000000000e+02
8.515625000000000000e+02
8.984375000000000000e+02
9.375000000000000000e+02
9.570312500000000000e+02
9.609375000000000000e+02
9.414062500000000000e+02
8.671875000000000000e+02
8.632812500000000000e+02
8.671875000000000000e+02
8.945312500000000000e+02
9.062500000000000000e+02
8.867187500000000000e+02
9.218750000000000000e+02
9.414062500000000000e+02
9.023437500000000000e+02
8.984375000000000000e+02
8.906250000000000000e+02
8.867187500000000000e+02
8.671875000000000000e+02
8.125000000000000000e+02
8.007812500000000000e+02
7.773437500000000000e+02
7.929687500000000000e+02
8.359375000000000000e+02
7.851562500000000000e+02
8.125000000000000000e+02
8.085937500000000000e+02
8.320312500000000000e+02
8.281250000000000000e+02
8.046875000000000000e+02
8.085937500000000000e+02
8.125000000000000000e+02
7.695312500000000000e+02
7.812500000000000000e+02
7.890625000000000000e+02
1.542968750000000000e+03
7.382812500000000000e+02
7.656250000000000000e+02
1.546875000000000000e+03
1.558593750000000000e+03
1.714843750000000000e+03
1.734375000000000000e+03
8.242187500000000000e+02
8.359375000000000000e+02
8.281250000000000000e+02
7.851562500000000000e+02
8.125000000000000000e+02
1.679687500000000000e+03
8.789062500000000000e+02
8.554687500000000000e+02
1.785156250000000000e+03
8.398437500000000000e+02
8.828125000000000000e+02
8.906250000000000000e+02
9.414062500000000000e+02
9.609375000000000000e+02
8.984375000000000000e+02
9.101562500000000000e+02
9.257812500000000000e+02
9.414062500000000000e+02
9.296875000000000000e+02
9.023437500000000000e+02
8.437500000000000000e+02
8.476562500000000000e+02
8.671875000000000000e+02
8.125000000000000000e+02
8.164062500000000000e+02
8.789062500000000000e+02
3.800781250000000000e+03
1.835937500000000000e+03
9.414062500000000000e+02
9.296875000000000000e+02
8.906250000000000000e+02
8.593750000000000000e+02
8.085937500000000000e+02
7.734375000000000000e+02
7.968750000000000000e+02
8.164062500000000000e+02
7.773437500000000000e+02
7.851562500000000000e+02
7.968750000000000000e+02
8.085937500000000000e+02
7.734375000000000000e+02
7.968750000000000000e+02
8.203125000000000000e+02
7.812500000000000000e+02
7.656250000000000000e+02
8.125000000000000000e+02
8.281250000000000000e+02
8.437500000000000000e+02
8.398437500000000000e+02
7.929687500000000000e+02
7.890625000000000000e+02
1.644531250000000000e+03
8.906250000000000000e+02
8.867187500000000000e+02
8.593750000000000000e+02
8.632812500000000000e+02
1.808593750000000000e+03
9.101562500000000000e+02
9.101562500000000000e+02
1.667968750000000000e+03
8.867187500000000000e+02
1.726562500000000000e+03
3.468750000000000000e+03
3.273437500000000000e+03
8.437500000000000000e+02
7.929687500000000000e+02
8.359375000000000000e+02
7.968750000000000000e+02
8.007812500000000000e+02
1.593750000000000000e+03
1.527343750000000000e+03
1.488281250000000000e+03
7.617187500000000000e+02
7.460937500000000000e+02
3.339843750000000000e+04
4.195312500000000000e+03
1.929687500000000000e+03
9.570312500000000000e+02
9.804687500000000000e+02
9.921875000000000000e+02
9.531250000000000000e+02
9.804687500000000000e+02
1.015625000000000000e+03
9.687500000000000000e+02
1.003906250000000000e+03
1.000000000000000000e+03
6.980468750000000000e+03
1.011718750000000000e+03
1.333203125000000000e+04
9.765625000000000000e+02
1.914062500000000000e+03
9.960937500000000000e+02
9.960937500000000000e+02
9.609375000000000000e+02
9.492187500000000000e+02
1.886718750000000000e+03
9.414062500000000000e+02
9.492187500000000000e+02
9.062500000000000000e+02
2.878906250000000000e+03
2.906250000000000000e+03
9.531250000000000000e+02
9.531250000000000000e+02
9.648437500000000000e+02
2.890625000000000000e+03
9.375000000000000000e+02
2.898437500000000000e+03
1.925781250000000000e+03
9.765625000000000000e+02
9.765625000000000000e+02
1.894531250000000000e+03
8.984375000000000000e+02
9.335937500000000000e+02
6.710937500000000000e+03
1.003906250000000000e+03
9.570312500000000000e+02
9.570312500000000000e+02
9.609375000000000000e+02
1.929687500000000000e+03
9.882812500000000000e+02
4.480468750000000000e+03
1.726562500000000000e+03
1.118359375000000000e+04
3.283203125000000000e+04
1.693359375000000000e+04
8.710937500000000000e+02
8.789062500000000000e+02
8.554687500000000000e+02
8.945312500000000000e+02
