3.078125000000000000e+03
1.851562500000000000e+03
1.246093750000000000e+03
1.265625000000000000e+03
1.257812500000000000e+03
4.515625000000000000e+03
2.542968750000000000e+03
1.308593750000000000e+03
6.796875000000000000e+02
6.992187500000000000e+02
6.992187500000000000e+02
6.992187500000000000e+02
7.070312500000000000e+02
7.109375000000000000e+02
2.109375000000000000e+03
1.712500000000000000e+04
3.210937500000000000e+03
1.972656250000000000e+03
6.757812500000000000e+02
6.757812500000000000e+02
1.335937500000000000e+03
1.324218750000000000e+03
1.292968750000000000e+03
1.289062500000000000e+03
1.898437500000000000e+03
1.605859375000000000e+04
1.273437500000000000e+03
6.796875000000000000e+02
1.332031250000000000e+03
1.359375000000000000e+03
5.945312500000000000e+03
1.320312500000000000e+03
1.343750000000000000e+03
1.269531250000000000e+03
1.242187500000000000e+03
1.230468750000000000e+03
1.242187500000000000e+03
1.277343750000000000e+03
1.925781250000000000e+03
1.949218750000000000e+03
1.285156250000000000e+03
6.679687500000000000e+02
1.324218750000000000e+03
7.031250000000000000e+02
6.757812500000000000e+02
6.757812500000000000e+02
6.953125000000000000e+02
6.875000000000000000e+02
6.835937500000000000e+02
6.679687500000000000e+02
1.324218750000000000e+03
5.464843750000000000e+03
3.250000000000000000e+03
6.914062500000000000e+02
7.382812500000000000e+02
7.148437500000000000e+02
7.265625000000000000e+02
7.656250000000000000e+02
3.476562500000000000e+03
4.000000000000000000e+03
6.757812500000000000e+02
1.316406250000000000e+03
1.292968750000000000e+03
1.289062500000000000e+03
1.269531250000000000e+03
2.480468750000000000e+03
1.886718750000000000e+03
3.886718750000000000e+03
4.500000000000000000e+03
3.808593750000000000e+03
1.980468750000000000e+03
3.789062500000000000e+03
1.941406250000000000e+03
3.296875000000000000e+03
4.808593750000000000e+03
6.992187500000000000e+02
6.914062500000000000e+02
1.347656250000000000e+03
6.875000000000000000e+02
4.035156250000000000e+03
2.562500000000000000e+03
1.292968750000000000e+03
1.949218750000000000e+03
1.304687500000000000e+03
1.914062500000000000e+03
1.265625000000000000e+03
1.296875000000000000e+03
1.308593750000000000e+03
1.328125000000000000e+03
1.968750000000000000e+03
1.320312500000000000e+03
1.312500000000000000e+03
1.968750000000000000e+03
1.300781250000000000e+03
1.289062500000000000e+03
1.265625000000000000e+03
1.277343750000000000e+03
1.910156250000000000e+03
2.593750000000000000e+03
5.062500000000000000e+03
2.460937500000000000e+03
1.843750000000000000e+03
1.863281250000000000e+03
1.320312500000000000e+03
6.679687500000000000e+02
6.875000000000000000e+02
6.796875000000000000e+02
