8.085937500000000000e+02
7.968750000000000000e+02
8.632812500000000000e+02
8.750000000000000000e+02
8.632812500000000000e+02
8.750000000000000000e+02
8.554687500000000000e+02
8.125000000000000000e+02
8.671875000000000000e+02
9.062500000000000000e+02
9.023437500000000000e+02
9.101562500000000000e+02
9.570312500000000000e+02
9.335937500000000000e+02
8.906250000000000000e+02
9.414062500000000000e+02
9.101562500000000000e+02
8.671875000000000000e+02
8.789062500000000000e+02
9.023437500000000000e+02
8.398437500000000000e+02
8.554687500000000000e+02
9.335937500000000000e+02
9.570312500000000000e+02
8.632812500000000000e+02
9.218750000000000000e+02
9.062500000000000000e+02
8.906250000000000000e+02
9.414062500000000000e+02
9.531250000000000000e+02
8.906250000000000000e+02
9.414062500000000000e+02
9.570312500000000000e+02
9.218750000000000000e+02
9.648437500000000000e+02
9.257812500000000000e+02
8.593750000000000000e+02
9.140625000000000000e+02
9.257812500000000000e+02
8.789062500000000000e+02
8.984375000000000000e+02
9.375000000000000000e+02
9.218750000000000000e+02
8.710937500000000000e+02
9.453125000000000000e+02
9.570312500000000000e+02
9.140625000000000000e+02
9.453125000000000000e+02
9.375000000000000000e+02
8.828125000000000000e+02
8.984375000000000000e+02
8.945312500000000000e+02
8.789062500000000000e+02
8.593750000000000000e+02
9.179687500000000000e+02
9.296875000000000000e+02
9.023437500000000000e+02
9.257812500000000000e+02
9.335937500000000000e+02
9.023437500000000000e+02
9.257812500000000000e+02
9.648437500000000000e+02
8.867187500000000000e+02
8.632812500000000000e+02
1.535156250000000000e+03
1.027343750000000000e+03
7.851562500000000000e+02
8.359375000000000000e+02
8.476562500000000000e+02
8.671875000000000000e+02
1.167968750000000000e+03
9.375000000000000000e+02
1.839843750000000000e+03
7.851562500000000000e+02
7.695312500000000000e+02
8.632812500000000000e+02
8.945312500000000000e+02
1.117187500000000000e+03
6.914062500000000000e+02
8.476562500000000000e+02
8.750000000000000000e+02
9.101562500000000000e+02
8.398437500000000000e+02
1.058593750000000000e+03
8.046875000000000000e+02
7.617187500000000000e+02
8.671875000000000000e+02
1.316406250000000000e+03
1.382812500000000000e+03
9.023437500000000000e+02
7.031250000000000000e+02
1.078125000000000000e+03
9.375000000000000000e+02
7.265625000000000000e+02
9.062500000000000000e+02
8.554687500000000000e+02
7.187500000000000000e+02
1.011718750000000000e+03
8.437500000000000000e+02
8.750000000000000000e+02
8.671875000000000000e+02
8.593750000000000000e+02
8.710937500000000000e+02
8.789062500000000000e+02
8.398437500000000000e+02
8.867187500000000000e+02
8.984375000000000000e+02
8.320312500000000000e+02
8.593750000000000000e+02
7.812500000000000000e+02
9.140625000000000000e+02
8.437500000000000000e+02
8.750000000000000000e+02
8.437500000000000000e+02
8.476562500000000000e+02
7.578125000000000000e+02
9.882812500000000000e+02
1.316406250000000000e+03
7.734375000000000000e+02
1.402343750000000000e+03
1.386718750000000000e+03
1.277343750000000000e+03
7.070312500000000000e+02
6.992187500000000000e+02
1.285156250000000000e+03
8.632812500000000000e+02
7.656250000000000000e+02
7.226562500000000000e+02
8.085937500000000000e+02
9.609375000000000000e+02
7.851562500000000000e+02
8.906250000000000000e+02
1.398437500000000000e+03
1.164062500000000000e+03
6.796875000000000000e+02
1.730468750000000000e+03
1.144531250000000000e+03
9.101562500000000000e+02
1.019531250000000000e+03
7.968750000000000000e+02
1.097656250000000000e+03
7.343750000000000000e+02
6.953125000000000000e+02
1.148437500000000000e+03
9.414062500000000000e+02
8.007812500000000000e+02
1.074218750000000000e+03
9.101562500000000000e+02
8.750000000000000000e+02
8.476562500000000000e+02
8.867187500000000000e+02
1.023437500000000000e+03
7.539062500000000000e+02
8.398437500000000000e+02
1.468750000000000000e+03
1.152343750000000000e+03
8.945312500000000000e+02
9.023437500000000000e+02
8.593750000000000000e+02
7.617187500000000000e+02
1.312500000000000000e+03
