7.851562500000000000e+02
8.671875000000000000e+02
7.812500000000000000e+02
9.062500000000000000e+02
1.062500000000000000e+03
1.214843750000000000e+03
1.117187500000000000e+03
1.277343750000000000e+03
9.179687500000000000e+02
7.812500000000000000e+02
1.265625000000000000e+03
1.664062500000000000e+03
1.664062500000000000e+03
7.304687500000000000e+02
8.085937500000000000e+02
7.968750000000000000e+02
7.773437500000000000e+02
7.812500000000000000e+02
7.656250000000000000e+02
8.515625000000000000e+02
1.500000000000000000e+03
1.449218750000000000e+03
8.007812500000000000e+02
6.992187500000000000e+02
1.250000000000000000e+03
7.500000000000000000e+02
1.683593750000000000e+03
1.410156250000000000e+03
1.421875000000000000e+03
6.992187500000000000e+02
7.500000000000000000e+02
1.316406250000000000e+03
8.320312500000000000e+02
8.007812500000000000e+02
9.335937500000000000e+02
1.226562500000000000e+03
7.578125000000000000e+02
6.835937500000000000e+02
6.679687500000000000e+02
6.875000000000000000e+02
1.035156250000000000e+03
1.140625000000000000e+03
1.582031250000000000e+03
1.277343750000000000e+03
7.226562500000000000e+02
1.121093750000000000e+03
8.398437500000000000e+02
7.734375000000000000e+02
7.812500000000000000e+02
1.742187500000000000e+03
1.199218750000000000e+03
7.734375000000000000e+02
2.386718750000000000e+03
8.304687500000000000e+03
3.398437500000000000e+03
8.996093750000000000e+03
2.414062500000000000e+03
6.882812500000000000e+03
8.828125000000000000e+02
2.199218750000000000e+03
2.917968750000000000e+03
1.449218750000000000e+03
6.835937500000000000e+02
1.718750000000000000e+03
1.031250000000000000e+03
1.667968750000000000e+03
1.050781250000000000e+03
1.500000000000000000e+03
1.123437500000000000e+04
8.828125000000000000e+02
1.367187500000000000e+03
9.335937500000000000e+02
1.996093750000000000e+04
6.414062500000000000e+03
6.832031250000000000e+03
6.835937500000000000e+02
2.621093750000000000e+03
2.144531250000000000e+03
2.003906250000000000e+03
7.812500000000000000e+02
8.007812500000000000e+02
1.148437500000000000e+03
8.593750000000000000e+02
1.316406250000000000e+03
9.765625000000000000e+02
6.835937500000000000e+02
7.500000000000000000e+02
7.343750000000000000e+02
2.234375000000000000e+03
1.484375000000000000e+03
1.300781250000000000e+03
6.679687500000000000e+02
8.164062500000000000e+02
6.992187500000000000e+02
6.679687500000000000e+02
8.164062500000000000e+02
9.843750000000000000e+02
8.671875000000000000e+02
6.992187500000000000e+02
6.835937500000000000e+02
9.335937500000000000e+02
8.671875000000000000e+02
1.468750000000000000e+03
7.500000000000000000e+02
7.500000000000000000e+02
9.335937500000000000e+02
1.000000000000000000e+03
1.117187500000000000e+03
7.187500000000000000e+02
6.992187500000000000e+02
7.500000000000000000e+02
1.066406250000000000e+03
1.773437500000000000e+03
1.128906250000000000e+03
7.382812500000000000e+02
1.566406250000000000e+03
1.347656250000000000e+03
7.109375000000000000e+02
6.757812500000000000e+02
6.796875000000000000e+02
7.812500000000000000e+02
6.679687500000000000e+02
8.671875000000000000e+02
7.617187500000000000e+02
1.164062500000000000e+03
7.617187500000000000e+02
7.031250000000000000e+02
7.460937500000000000e+02
2.457031250000000000e+03
2.773437500000000000e+03
4.984375000000000000e+03
3.000000000000000000e+03
1.539062500000000000e+04
1.058593750000000000e+03
1.074218750000000000e+03
1.117187500000000000e+03
9.492187500000000000e+02
8.671875000000000000e+02
1.101562500000000000e+03
1.148437500000000000e+03
8.671875000000000000e+02
8.007812500000000000e+02
1.132812500000000000e+03
1.035156250000000000e+03
6.835937500000000000e+02
6.992187500000000000e+02
1.000000000000000000e+03
6.835937500000000000e+02
1.167968750000000000e+03
8.671875000000000000e+02
7.343750000000000000e+02
6.835937500000000000e+02
8.007812500000000000e+02
1.109375000000000000e+03
1.324218750000000000e+03
1.292968750000000000e+03
8.945312500000000000e+02
8.554687500000000000e+02
1.250000000000000000e+03
1.171875000000000000e+03
7.226562500000000000e+02
1.683593750000000000e+03
3.503906250000000000e+03
3.332031250000000000e+03
1.414062500000000000e+03
1.269531250000000000e+03
8.945312500000000000e+02
6.718750000000000000e+02
1.210937500000000000e+03
1.234375000000000000e+03
1.898437500000000000e+03
7.031250000000000000e+02
7.304687500000000000e+02
1.226562500000000000e+03
