1.096875000000000000e+04
2.761718750000000000e+03
6.394531250000000000e+03
8.984375000000000000e+02
1.859375000000000000e+03
5.589843750000000000e+03
1.015625000000000000e+03
2.929687500000000000e+03
9.257812500000000000e+02
2.601562500000000000e+03
2.285156250000000000e+03
2.890625000000000000e+03
1.324218750000000000e+03
1.281250000000000000e+03
6.718750000000000000e+02
7.968750000000000000e+02
1.601562500000000000e+03
7.695312500000000000e+02
6.394531250000000000e+03
7.851562500000000000e+02
2.906250000000000000e+03
1.468750000000000000e+03
8.515625000000000000e+02
1.605859375000000000e+04
7.929687500000000000e+02
9.375000000000000000e+02
8.125000000000000000e+02
1.410156250000000000e+03
1.116015625000000000e+04
8.710937500000000000e+02
1.144531250000000000e+03
7.695312500000000000e+02
8.593750000000000000e+02
1.230468750000000000e+03
7.070312500000000000e+02
9.023437500000000000e+02
7.929687500000000000e+02
6.679687500000000000e+02
7.109375000000000000e+02
1.023437500000000000e+03
9.062500000000000000e+02
8.164062500000000000e+02
1.113281250000000000e+03
1.339843750000000000e+03
8.710937500000000000e+02
8.437500000000000000e+02
7.656250000000000000e+02
1.230468750000000000e+03
8.437500000000000000e+02
3.410156250000000000e+03
6.914062500000000000e+02
1.255078125000000000e+04
1.601953125000000000e+04
9.804687500000000000e+02
8.359375000000000000e+02
1.433593750000000000e+03
1.074218750000000000e+03
1.140625000000000000e+03
7.539062500000000000e+02
8.476562500000000000e+02
7.500000000000000000e+02
7.890625000000000000e+02
7.734375000000000000e+02
1.164062500000000000e+03
9.882812500000000000e+02
7.304687500000000000e+02
7.265625000000000000e+02
7.031250000000000000e+02
8.554687500000000000e+02
1.062500000000000000e+03
1.160156250000000000e+03
1.078125000000000000e+03
7.539062500000000000e+02
7.148437500000000000e+02
7.421875000000000000e+02
1.222656250000000000e+03
9.570312500000000000e+02
1.285156250000000000e+03
1.842187500000000000e+04
8.242187500000000000e+02
7.226562500000000000e+03
1.011718750000000000e+03
1.214843750000000000e+03
9.453125000000000000e+02
6.718750000000000000e+02
6.953125000000000000e+02
8.945312500000000000e+02
8.515625000000000000e+02
1.617187500000000000e+03
7.265625000000000000e+02
7.656250000000000000e+02
1.902343750000000000e+03
3.011718750000000000e+03
7.148437500000000000e+02
1.195312500000000000e+03
7.187500000000000000e+02
7.929687500000000000e+02
8.320312500000000000e+02
1.167968750000000000e+03
1.132812500000000000e+03
1.679687500000000000e+03
4.171875000000000000e+03
7.148437500000000000e+03
8.523437500000000000e+03
1.066406250000000000e+03
1.835937500000000000e+03
8.125000000000000000e+02
9.101562500000000000e+02
2.753906250000000000e+03
2.890625000000000000e+03
2.882812500000000000e+03
2.468750000000000000e+03
2.183593750000000000e+03
3.160156250000000000e+03
1.125000000000000000e+03
1.035156250000000000e+03
1.320312500000000000e+03
8.203125000000000000e+02
