6.914062500000000000e+02
6.757812500000000000e+02
6.796875000000000000e+02
1.371093750000000000e+03
1.300781250000000000e+03
1.292968750000000000e+03
1.343750000000000000e+03
6.953125000000000000e+02
6.953125000000000000e+02
2.121093750000000000e+03
7.890625000000000000e+02
7.773437500000000000e+02
7.773437500000000000e+02
7.578125000000000000e+02
1.406250000000000000e+03
6.992187500000000000e+02
7.226562500000000000e+02
3.925781250000000000e+03
1.643359375000000000e+04
8.968750000000000000e+03
1.324218750000000000e+03
3.285156250000000000e+03
1.292968750000000000e+03
1.972656250000000000e+03
2.562500000000000000e+03
6.343750000000000000e+03
9.132812500000000000e+03
1.980468750000000000e+03
1.277343750000000000e+03
1.242187500000000000e+03
5.019531250000000000e+03
2.683593750000000000e+03
1.359375000000000000e+03
8.860156250000000000e+04
1.882812500000000000e+03
1.890625000000000000e+03
2.523437500000000000e+03
9.636718750000000000e+03
1.230468750000000000e+03
1.906250000000000000e+03
1.335937500000000000e+03
1.386718750000000000e+03
6.796875000000000000e+02
1.800390625000000000e+04
4.734375000000000000e+03
6.914062500000000000e+02
2.742187500000000000e+03
6.679687500000000000e+02
1.894531250000000000e+03
1.285156250000000000e+03
6.679687500000000000e+02
6.914062500000000000e+02
6.914062500000000000e+02
6.875000000000000000e+02
6.679687500000000000e+02
1.953125000000000000e+03
1.273437500000000000e+03
1.894531250000000000e+03
1.261718750000000000e+03
1.253906250000000000e+03
1.296875000000000000e+03
1.949218750000000000e+03
1.925781250000000000e+03
1.289062500000000000e+03
1.277343750000000000e+03
1.945312500000000000e+03
1.972656250000000000e+03
6.718750000000000000e+02
1.320312500000000000e+03
1.242187500000000000e+04
1.300781250000000000e+03
1.273437500000000000e+03
1.273437500000000000e+03
1.246093750000000000e+03
1.230468750000000000e+03
