6.835937500000000000e+02
6.835937500000000000e+02
7.070312500000000000e+02
7.421875000000000000e+02
7.578125000000000000e+02
6.992187500000000000e+02
6.835937500000000000e+02
6.718750000000000000e+02
6.835937500000000000e+02
6.875000000000000000e+02
6.835937500000000000e+02
6.796875000000000000e+02
7.187500000000000000e+02
7.226562500000000000e+02
7.226562500000000000e+02
6.875000000000000000e+02
6.914062500000000000e+02
7.148437500000000000e+02
7.187500000000000000e+02
6.953125000000000000e+02
6.992187500000000000e+02
7.226562500000000000e+02
7.148437500000000000e+02
6.875000000000000000e+02
7.070312500000000000e+02
7.187500000000000000e+02
7.226562500000000000e+02
6.992187500000000000e+02
6.914062500000000000e+02
1.339843750000000000e+03
1.984375000000000000e+03
1.289062500000000000e+03
2.449218750000000000e+03
1.851562500000000000e+03
3.894531250000000000e+03
1.300781250000000000e+03
1.269531250000000000e+03
1.023046875000000000e+04
6.953125000000000000e+02
6.875000000000000000e+02
6.953125000000000000e+02
6.796875000000000000e+02
6.679687500000000000e+02
1.328125000000000000e+03
6.757812500000000000e+02
6.796875000000000000e+02
6.718750000000000000e+02
1.367187500000000000e+03
2.105468750000000000e+03
6.796875000000000000e+02
6.875000000000000000e+02
2.003906250000000000e+03
6.796875000000000000e+02
7.109375000000000000e+02
2.109375000000000000e+03
6.875000000000000000e+02
1.367187500000000000e+03
6.875000000000000000e+02
6.953125000000000000e+02
6.796875000000000000e+02
7.070312500000000000e+02
7.148437500000000000e+02
6.992187500000000000e+02
6.875000000000000000e+02
6.718750000000000000e+02
6.679687500000000000e+02
1.320312500000000000e+03
5.085937500000000000e+03
6.875000000000000000e+02
1.328125000000000000e+03
2.796875000000000000e+03
2.710937500000000000e+03
1.300781250000000000e+03
1.296875000000000000e+03
3.484375000000000000e+03
4.082031250000000000e+03
1.304687500000000000e+03
1.921875000000000000e+03
1.992187500000000000e+03
1.308593750000000000e+03
7.609375000000000000e+03
1.265625000000000000e+03
1.250000000000000000e+03
1.304687500000000000e+03
1.292968750000000000e+03
1.273437500000000000e+03
1.273437500000000000e+03
1.253906250000000000e+03
1.261718750000000000e+03
1.265625000000000000e+03
1.281250000000000000e+03
1.304687500000000000e+03
1.996093750000000000e+03
6.757812500000000000e+02
7.070312500000000000e+02
7.265625000000000000e+02
7.031250000000000000e+02
6.796875000000000000e+02
6.718750000000000000e+02
6.875000000000000000e+02
6.953125000000000000e+02
1.371093750000000000e+03
6.757812500000000000e+02
1.949218750000000000e+03
1.343750000000000000e+03
6.875000000000000000e+02
6.875000000000000000e+02
7.187500000000000000e+02
7.226562500000000000e+02
7.109375000000000000e+02
6.953125000000000000e+02
1.371093750000000000e+03
1.296875000000000000e+03
6.679687500000000000e+02
1.359375000000000000e+03
6.796875000000000000e+02
7.343750000000000000e+02
6.953125000000000000e+02
7.265625000000000000e+02
2.093750000000000000e+03
1.300781250000000000e+03
1.230468750000000000e+03
1.269531250000000000e+03
1.289062500000000000e+03
2.531250000000000000e+03
1.285156250000000000e+03
3.250000000000000000e+03
1.847656250000000000e+03
1.179687500000000000e+03
1.750000000000000000e+03
1.195312500000000000e+03
1.253906250000000000e+03
4.902343750000000000e+03
6.875000000000000000e+02
6.679687500000000000e+02
6.679687500000000000e+02
1.308593750000000000e+03
1.375000000000000000e+03
6.757812500000000000e+02
1.359375000000000000e+03
6.914062500000000000e+02
6.992187500000000000e+02
1.312500000000000000e+03
1.972656250000000000e+03
2.582031250000000000e+03
1.312500000000000000e+03
6.757812500000000000e+02
1.324218750000000000e+03
1.320312500000000000e+03
4.613281250000000000e+03
6.835937500000000000e+02
6.953125000000000000e+02
4.011718750000000000e+03
1.292968750000000000e+03
1.304687500000000000e+03
6.718750000000000000e+02
6.757812500000000000e+02
1.328125000000000000e+03
6.757812500000000000e+02
1.304687500000000000e+03
1.261718750000000000e+03
1.269531250000000000e+03
1.253906250000000000e+03
1.277343750000000000e+03
1.269531250000000000e+03
1.250000000000000000e+03
1.925781250000000000e+03
1.273437500000000000e+03
1.273437500000000000e+03
1.261718750000000000e+03
1.265625000000000000e+03
1.296875000000000000e+03
1.968750000000000000e+03
2.652343750000000000e+03
1.937500000000000000e+03
1.261718750000000000e+03
1.226562500000000000e+03
