1.234375000000000000e+03
6.992187500000000000e+02
8.007812500000000000e+02
1.398437500000000000e+03
2.589843750000000000e+03
1.410156250000000000e+03
1.210937500000000000e+03
1.285156250000000000e+03
1.304687500000000000e+03
1.902343750000000000e+03
7.890625000000000000e+02
1.734375000000000000e+03
1.078125000000000000e+03
8.320312500000000000e+02
1.285156250000000000e+03
1.554687500000000000e+03
1.148437500000000000e+03
6.953125000000000000e+02
6.992187500000000000e+02
7.031250000000000000e+02
6.992187500000000000e+02
6.992187500000000000e+02
6.992187500000000000e+02
6.875000000000000000e+02
7.031250000000000000e+02
2.746093750000000000e+03
6.835937500000000000e+02
7.031250000000000000e+02
7.148437500000000000e+02
2.218750000000000000e+03
7.460937500000000000e+02
1.218750000000000000e+03
9.648437500000000000e+02
7.187500000000000000e+02
7.148437500000000000e+02
7.031250000000000000e+02
1.468750000000000000e+03
8.906250000000000000e+02
2.414062500000000000e+03
1.535156250000000000e+03
1.011718750000000000e+03
1.312500000000000000e+03
7.304687500000000000e+02
7.500000000000000000e+02
1.687500000000000000e+03
8.437500000000000000e+02
8.671875000000000000e+02
1.058593750000000000e+03
2.074218750000000000e+03
1.359375000000000000e+03
6.835937500000000000e+02
6.757812500000000000e+02
1.312500000000000000e+03
9.257812500000000000e+02
8.046875000000000000e+02
8.085937500000000000e+02
1.273437500000000000e+03
9.531250000000000000e+02
1.593750000000000000e+03
1.289062500000000000e+03
1.308593750000000000e+03
1.296875000000000000e+03
1.273437500000000000e+03
7.382812500000000000e+02
1.199218750000000000e+03
2.003906250000000000e+03
1.199218750000000000e+03
1.472656250000000000e+03
1.917968750000000000e+03
1.265625000000000000e+03
1.808593750000000000e+03
1.402343750000000000e+03
9.882812500000000000e+02
9.765625000000000000e+02
7.812500000000000000e+02
1.128906250000000000e+03
1.140625000000000000e+03
7.432421875000000000e+04
7.148437500000000000e+02
1.417968750000000000e+03
7.070312500000000000e+02
7.031250000000000000e+02
6.992187500000000000e+02
9.960937500000000000e+02
7.187500000000000000e+02
1.039062500000000000e+03
7.460937500000000000e+02
6.953125000000000000e+02
1.125000000000000000e+03
1.960937500000000000e+03
6.679687500000000000e+02
7.304687500000000000e+02
1.257812500000000000e+03
8.085937500000000000e+02
7.656250000000000000e+02
7.031250000000000000e+02
1.421875000000000000e+03
7.656250000000000000e+02
7.851562500000000000e+02
8.164062500000000000e+02
6.835937500000000000e+02
1.000000000000000000e+03
8.320312500000000000e+02
7.968750000000000000e+02
7.695312500000000000e+02
8.945312500000000000e+02
1.320312500000000000e+03
6.992187500000000000e+02
7.031250000000000000e+02
1.382812500000000000e+03
6.835937500000000000e+02
6.835937500000000000e+02
6.796875000000000000e+02
7.070312500000000000e+02
7.187500000000000000e+02
7.070312500000000000e+02
7.148437500000000000e+02
7.187500000000000000e+02
1.406250000000000000e+03
6.757812500000000000e+02
9.648437500000000000e+02
1.015625000000000000e+03
1.339843750000000000e+03
7.265625000000000000e+02
7.343750000000000000e+02
7.656250000000000000e+02
7.695312500000000000e+02
7.382812500000000000e+02
7.343750000000000000e+02
7.304687500000000000e+02
7.187500000000000000e+02
9.609375000000000000e+02
1.484375000000000000e+03
6.463281250000000000e+04
1.343750000000000000e+03
1.140625000000000000e+03
1.148437500000000000e+03
1.632812500000000000e+03
7.031250000000000000e+02
1.148437500000000000e+03
9.570312500000000000e+02
6.953125000000000000e+02
6.835937500000000000e+02
1.347656250000000000e+03
8.164062500000000000e+02
1.035156250000000000e+03
7.031250000000000000e+02
8.359375000000000000e+02
6.757812500000000000e+02
6.757812500000000000e+02
6.835937500000000000e+02
9.023437500000000000e+02
6.875000000000000000e+02
8.359375000000000000e+02
8.828125000000000000e+02
1.394531250000000000e+03
6.914062500000000000e+02
6.953125000000000000e+02
6.875000000000000000e+02
6.796875000000000000e+02
6.835937500000000000e+02
6.953125000000000000e+02
6.914062500000000000e+02
6.953125000000000000e+02
1.257812500000000000e+03
8.125000000000000000e+02
1.179687500000000000e+03
8.828125000000000000e+02
6.875000000000000000e+02
1.015625000000000000e+03
7.773437500000000000e+02
8.671875000000000000e+02
6.757812500000000000e+02
1.062500000000000000e+03
1.121093750000000000e+03
1.484375000000000000e+03
1.253906250000000000e+03
6.757812500000000000e+02
1.183593750000000000e+03
7.187500000000000000e+02
9.804687500000000000e+02
1.066406250000000000e+03
7.265625000000000000e+02
1.285156250000000000e+03
1.222656250000000000e+03
9.140625000000000000e+02
7.500000000000000000e+02
7.187500000000000000e+02
7.148437500000000000e+02
1.316406250000000000e+03
8.281250000000000000e+02
1.121093750000000000e+03
1.714843750000000000e+03
9.648437500000000000e+02
1.093750000000000000e+03
6.679687500000000000e+02
6.835937500000000000e+02
6.757812500000000000e+02
6.796875000000000000e+02
2.011718750000000000e+03
1.378906250000000000e+03
6.914062500000000000e+02
6.992187500000000000e+02
6.875000000000000000e+02
6.914062500000000000e+02
1.972656250000000000e+03
8.085937500000000000e+02
1.257812500000000000e+03
1.832031250000000000e+03
7.539062500000000000e+02
1.894531250000000000e+03
1.851562500000000000e+03
7.968750000000000000e+02
1.433593750000000000e+03
7.148437500000000000e+02
7.031250000000000000e+02
