5.171875000000000000e+03
2.558984375000000000e+04
1.929687500000000000e+03
7.304687500000000000e+02
1.214843750000000000e+03
7.851562500000000000e+02
7.226562500000000000e+02
1.121093750000000000e+03
2.191406250000000000e+03
1.011718750000000000e+03
3.902343750000000000e+03
1.031250000000000000e+03
8.789062500000000000e+02
1.511718750000000000e+03
1.542968750000000000e+03
1.296875000000000000e+03
1.238281250000000000e+03
7.656250000000000000e+02
7.695312500000000000e+02
7.617187500000000000e+02
7.578125000000000000e+02
7.539062500000000000e+02
1.109375000000000000e+03
6.718750000000000000e+02
1.031250000000000000e+03
1.359375000000000000e+03
1.234375000000000000e+03
1.375000000000000000e+03
8.554687500000000000e+02
9.960937500000000000e+02
1.078125000000000000e+03
7.343750000000000000e+02
1.199218750000000000e+03
1.121093750000000000e+03
7.187500000000000000e+02
1.003906250000000000e+03
9.609375000000000000e+02
1.109375000000000000e+03
1.425781250000000000e+03
8.984375000000000000e+02
1.089843750000000000e+03
1.164062500000000000e+03
8.476562500000000000e+02
1.027343750000000000e+03
1.644531250000000000e+03
1.308593750000000000e+03
1.175781250000000000e+03
8.085937500000000000e+02
8.125000000000000000e+02
1.738281250000000000e+03
8.125000000000000000e+02
8.242187500000000000e+02
8.789062500000000000e+02
7.109375000000000000e+02
8.554687500000000000e+02
8.554687500000000000e+02
6.718750000000000000e+02
6.875000000000000000e+02
8.398437500000000000e+02
1.367187500000000000e+03
8.515625000000000000e+02
7.812500000000000000e+02
9.101562500000000000e+02
1.117187500000000000e+03
7.460937500000000000e+02
7.421875000000000000e+02
7.578125000000000000e+02
1.671875000000000000e+03
1.062500000000000000e+03
7.812500000000000000e+02
8.359375000000000000e+02
7.109375000000000000e+02
7.890625000000000000e+02
1.453125000000000000e+03
9.257812500000000000e+02
1.281250000000000000e+03
9.101562500000000000e+02
7.382812500000000000e+02
9.257812500000000000e+02
9.843750000000000000e+02
9.101562500000000000e+02
6.796875000000000000e+02
8.125000000000000000e+02
8.164062500000000000e+02
6.875000000000000000e+02
8.437500000000000000e+02
1.343750000000000000e+03
7.226562500000000000e+02
7.070312500000000000e+02
1.093750000000000000e+03
6.718750000000000000e+02
1.320312500000000000e+03
8.359375000000000000e+02
1.160156250000000000e+03
1.382812500000000000e+03
7.773437500000000000e+02
7.304687500000000000e+02
7.460937500000000000e+02
1.140625000000000000e+03
1.007812500000000000e+03
3.093750000000000000e+03
2.007812500000000000e+03
2.840234375000000000e+04
7.863281250000000000e+03
1.128906250000000000e+03
8.554687500000000000e+02
6.679687500000000000e+02
1.109375000000000000e+03
8.828125000000000000e+02
8.203125000000000000e+02
8.164062500000000000e+02
8.632812500000000000e+02
8.828125000000000000e+02
8.515625000000000000e+02
1.195312500000000000e+03
1.574218750000000000e+03
1.949218750000000000e+03
1.464843750000000000e+03
6.757812500000000000e+02
1.292968750000000000e+03
5.046875000000000000e+04
3.890625000000000000e+03
4.835937500000000000e+03
1.644531250000000000e+03
2.789062500000000000e+03
5.578125000000000000e+03
2.320312500000000000e+03
1.523437500000000000e+03
2.433593750000000000e+03
9.375000000000000000e+02
2.367187500000000000e+03
7.031250000000000000e+02
7.382812500000000000e+02
3.101562500000000000e+03
7.148437500000000000e+02
1.214843750000000000e+03
9.023437500000000000e+02
7.851562500000000000e+02
1.089843750000000000e+03
6.718750000000000000e+02
1.003906250000000000e+03
7.031250000000000000e+02
8.398437500000000000e+02
1.488281250000000000e+03
7.539062500000000000e+02
1.316406250000000000e+03
7.226562500000000000e+02
1.539062500000000000e+03
1.093750000000000000e+03
1.308593750000000000e+03
7.070312500000000000e+02
9.531250000000000000e+02
7.929687500000000000e+02
7.148437500000000000e+02
1.156250000000000000e+03
8.710937500000000000e+02
1.023437500000000000e+03
1.042968750000000000e+03
9.335937500000000000e+02
8.789062500000000000e+02
9.765625000000000000e+02
1.402343750000000000e+03
1.253906250000000000e+03
8.007812500000000000e+02
9.726562500000000000e+02
8.203125000000000000e+02
7.617187500000000000e+02
1.148437500000000000e+03
8.203125000000000000e+02
1.140625000000000000e+03
8.125000000000000000e+02
1.445312500000000000e+03
8.164062500000000000e+02
9.375000000000000000e+02
1.519531250000000000e+03
8.710937500000000000e+02
1.355468750000000000e+03
9.375000000000000000e+02
7.656250000000000000e+02
9.609375000000000000e+02
1.296875000000000000e+03
1.277343750000000000e+03
1.140625000000000000e+03
3.031250000000000000e+03
9.609375000000000000e+02
1.371093750000000000e+03
9.218750000000000000e+02
8.671875000000000000e+02
8.359375000000000000e+02
9.531250000000000000e+02
6.757812500000000000e+02
1.304687500000000000e+03
8.164062500000000000e+02
7.031250000000000000e+02
9.101562500000000000e+02
6.757812500000000000e+02
7.968750000000000000e+02
7.617187500000000000e+02
7.265625000000000000e+02
9.687500000000000000e+02
6.796875000000000000e+02
9.882812500000000000e+02
9.531250000000000000e+02
1.070312500000000000e+03
9.726562500000000000e+02
1.019531250000000000e+03
1.394531250000000000e+03
8.828125000000000000e+02
7.500000000000000000e+02
9.570312500000000000e+02
8.828125000000000000e+02
1.644531250000000000e+03
7.265625000000000000e+02
1.226562500000000000e+03
8.906250000000000000e+02
1.570312500000000000e+03
7.773437500000000000e+02
8.007812500000000000e+02
1.437500000000000000e+03
1.027343750000000000e+03
7.851562500000000000e+02
6.679687500000000000e+02
1.296875000000000000e+03
1.441406250000000000e+03
1.261718750000000000e+03
7.382812500000000000e+02
7.890625000000000000e+02
7.695312500000000000e+02
6.875000000000000000e+02
1.070312500000000000e+03
7.695312500000000000e+02
6.953125000000000000e+02
1.089843750000000000e+03
7.460937500000000000e+02
7.734375000000000000e+02
7.812500000000000000e+02
1.398437500000000000e+03
7.109375000000000000e+02
1.652343750000000000e+03
6.992187500000000000e+02
1.019531250000000000e+03
7.343750000000000000e+02
2.175781250000000000e+03
9.453125000000000000e+02
6.992187500000000000e+02
9.492187500000000000e+02
7.070312500000000000e+02
7.421875000000000000e+02
8.632812500000000000e+02
6.718750000000000000e+02
7.929687500000000000e+02
6.953125000000000000e+02
1.257812500000000000e+03
1.164062500000000000e+03
8.945312500000000000e+02
1.058593750000000000e+03
7.460937500000000000e+02
7.890625000000000000e+02
7.226562500000000000e+02
1.308593750000000000e+03
1.300781250000000000e+03
7.070312500000000000e+02
7.539062500000000000e+02
1.054687500000000000e+03
9.726562500000000000e+02
7.343750000000000000e+02
8.203125000000000000e+02
1.359375000000000000e+03
1.449218750000000000e+03
8.398437500000000000e+02
7.460937500000000000e+02
8.437500000000000000e+02
9.687500000000000000e+02
9.101562500000000000e+02
1.246093750000000000e+03
9.804687500000000000e+02
9.375000000000000000e+02
9.570312500000000000e+02
1.132812500000000000e+03
8.515625000000000000e+02
1.042968750000000000e+03
1.589843750000000000e+03
1.027343750000000000e+03
7.304687500000000000e+02
1.355468750000000000e+03
1.058593750000000000e+03
1.750000000000000000e+03
