7.812500000000000000e+02
7.734375000000000000e+02
7.773437500000000000e+02
7.890625000000000000e+02
7.812500000000000000e+02
7.812500000000000000e+02
1.542968750000000000e+03
7.656250000000000000e+02
1.535156250000000000e+03
1.535156250000000000e+03
7.656250000000000000e+02
7.773437500000000000e+02
7.734375000000000000e+02
7.734375000000000000e+02
7.890625000000000000e+02
7.968750000000000000e+02
7.734375000000000000e+02
7.812500000000000000e+02
7.851562500000000000e+02
1.535156250000000000e+03
7.578125000000000000e+02
7.539062500000000000e+02
7.460937500000000000e+02
7.578125000000000000e+02
7.656250000000000000e+02
7.578125000000000000e+02
7.539062500000000000e+02
7.656250000000000000e+02
7.695312500000000000e+02
7.617187500000000000e+02
7.890625000000000000e+02
8.125000000000000000e+02
8.125000000000000000e+02
8.164062500000000000e+02
8.359375000000000000e+02
8.281250000000000000e+02
8.242187500000000000e+02
8.281250000000000000e+02
8.007812500000000000e+02
7.851562500000000000e+02
1.585937500000000000e+03
1.195312500000000000e+03
1.156250000000000000e+03
7.968750000000000000e+02
7.968750000000000000e+02
8.203125000000000000e+02
8.359375000000000000e+02
8.281250000000000000e+02
1.593750000000000000e+03
7.695312500000000000e+02
7.500000000000000000e+02
7.343750000000000000e+02
1.527343750000000000e+03
8.007812500000000000e+02
1.625000000000000000e+03
8.359375000000000000e+02
1.660156250000000000e+03
8.242187500000000000e+02
9.179687500000000000e+02
7.226562500000000000e+02
8.359375000000000000e+02
7.031250000000000000e+02
9.062500000000000000e+02
1.683593750000000000e+03
1.402343750000000000e+03
7.695312500000000000e+02
7.734375000000000000e+02
2.382812500000000000e+03
3.363281250000000000e+03
2.625000000000000000e+03
2.710937500000000000e+03
2.683593750000000000e+03
2.542968750000000000e+03
2.679687500000000000e+03
6.679687500000000000e+02
8.671875000000000000e+02
8.632812500000000000e+02
8.828125000000000000e+02
8.945312500000000000e+02
8.554687500000000000e+02
8.554687500000000000e+02
8.476562500000000000e+02
8.710937500000000000e+02
8.867187500000000000e+02
8.906250000000000000e+02
8.515625000000000000e+02
8.789062500000000000e+02
8.906250000000000000e+02
9.179687500000000000e+02
9.218750000000000000e+02
8.906250000000000000e+02
8.515625000000000000e+02
8.789062500000000000e+02
9.062500000000000000e+02
9.218750000000000000e+02
9.101562500000000000e+02
9.296875000000000000e+02
9.257812500000000000e+02
9.218750000000000000e+02
9.414062500000000000e+02
9.609375000000000000e+02
9.492187500000000000e+02
7.695312500000000000e+02
1.097656250000000000e+03
9.140625000000000000e+02
9.218750000000000000e+02
9.023437500000000000e+02
8.828125000000000000e+02
8.750000000000000000e+02
8.789062500000000000e+02
8.515625000000000000e+02
8.320312500000000000e+02
8.554687500000000000e+02
7.617187500000000000e+02
9.687500000000000000e+02
8.671875000000000000e+02
8.632812500000000000e+02
8.750000000000000000e+02
1.777343750000000000e+03
8.750000000000000000e+02
8.945312500000000000e+02
1.195312500000000000e+03
1.160156250000000000e+03
7.734375000000000000e+02
7.617187500000000000e+02
7.578125000000000000e+02
7.382812500000000000e+02
7.304687500000000000e+02
7.343750000000000000e+02
7.226562500000000000e+02
7.187500000000000000e+02
1.414062500000000000e+03
2.863281250000000000e+03
3.070312500000000000e+03
7.812500000000000000e+02
8.125000000000000000e+02
2.472656250000000000e+03
8.320312500000000000e+02
8.007812500000000000e+02
8.085937500000000000e+02
2.156250000000000000e+03
1.828125000000000000e+03
8.007812500000000000e+02
8.164062500000000000e+02
8.164062500000000000e+02
8.242187500000000000e+02
8.281250000000000000e+02
2.601562500000000000e+03
2.097656250000000000e+03
7.500000000000000000e+02
7.578125000000000000e+02
7.656250000000000000e+02
7.617187500000000000e+02
7.734375000000000000e+02
1.539062500000000000e+03
7.734375000000000000e+02
7.773437500000000000e+02
7.695312500000000000e+02
7.617187500000000000e+02
7.812500000000000000e+02
1.531250000000000000e+03
1.546875000000000000e+03
7.695312500000000000e+02
7.929687500000000000e+02
7.851562500000000000e+02
8.046875000000000000e+02
8.046875000000000000e+02
8.242187500000000000e+02
1.664062500000000000e+03
8.281250000000000000e+02
8.320312500000000000e+02
8.007812500000000000e+02
8.203125000000000000e+02
8.046875000000000000e+02
7.812500000000000000e+02
7.812500000000000000e+02
7.656250000000000000e+02
7.578125000000000000e+02
7.500000000000000000e+02
1.500000000000000000e+03
7.343750000000000000e+02
7.421875000000000000e+02
7.539062500000000000e+02
7.109375000000000000e+02
1.636718750000000000e+03
7.929687500000000000e+02
7.812500000000000000e+02
7.929687500000000000e+02
7.890625000000000000e+02
1.000000000000000000e+03
2.148437500000000000e+03
1.222656250000000000e+03
7.734375000000000000e+02
1.269531250000000000e+03
1.937500000000000000e+03
8.085937500000000000e+02
1.058593750000000000e+03
1.160156250000000000e+03
1.046875000000000000e+03
7.656250000000000000e+02
1.519531250000000000e+03
2.218750000000000000e+03
8.593750000000000000e+02
7.578125000000000000e+02
7.539062500000000000e+02
7.460937500000000000e+02
7.265625000000000000e+02
7.109375000000000000e+02
6.992187500000000000e+02
7.031250000000000000e+02
7.148437500000000000e+02
7.421875000000000000e+02
8.007812500000000000e+02
8.554687500000000000e+02
8.437500000000000000e+02
9.218750000000000000e+02
9.140625000000000000e+02
9.101562500000000000e+02
1.871093750000000000e+03
9.765625000000000000e+02
9.804687500000000000e+02
9.492187500000000000e+02
9.609375000000000000e+02
8.867187500000000000e+02
8.671875000000000000e+02
8.906250000000000000e+02
9.179687500000000000e+02
9.726562500000000000e+02
9.218750000000000000e+02
9.335937500000000000e+02
9.609375000000000000e+02
9.179687500000000000e+02
9.531250000000000000e+02
9.843750000000000000e+02
9.101562500000000000e+02
1.484375000000000000e+03
2.117187500000000000e+03
8.789062500000000000e+02
1.722656250000000000e+03
1.656250000000000000e+03
1.648437500000000000e+03
7.890625000000000000e+02
8.125000000000000000e+02
8.164062500000000000e+02
7.929687500000000000e+02
8.164062500000000000e+02
8.164062500000000000e+02
7.851562500000000000e+02
1.593750000000000000e+03
