1.199218750000000000e+03
9.804687500000000000e+02
7.265625000000000000e+02
6.953125000000000000e+02
6.796875000000000000e+02
6.796875000000000000e+02
9.218750000000000000e+02
9.375000000000000000e+02
7.578125000000000000e+02
1.308593750000000000e+03
1.109375000000000000e+03
8.320312500000000000e+02
6.835937500000000000e+02
8.359375000000000000e+02
1.117187500000000000e+03
6.718750000000000000e+02
6.796875000000000000e+02
6.679687500000000000e+02
7.109375000000000000e+02
6.679687500000000000e+02
8.671875000000000000e+02
1.089843750000000000e+03
7.578125000000000000e+02
1.117187500000000000e+03
1.308593750000000000e+03
1.382812500000000000e+03
6.953125000000000000e+02
1.011718750000000000e+03
8.945312500000000000e+02
1.007812500000000000e+03
7.070312500000000000e+02
1.250000000000000000e+03
6.796875000000000000e+02
8.789062500000000000e+02
7.929687500000000000e+02
8.476562500000000000e+02
8.984375000000000000e+02
1.121093750000000000e+03
9.335937500000000000e+02
1.148437500000000000e+03
7.539062500000000000e+02
7.695312500000000000e+02
7.382812500000000000e+02
9.531250000000000000e+02
6.757812500000000000e+02
7.890625000000000000e+02
1.238281250000000000e+03
1.113281250000000000e+03
1.449218750000000000e+03
1.160156250000000000e+03
1.402343750000000000e+03
6.835937500000000000e+02
1.257812500000000000e+03
7.226562500000000000e+02
1.097656250000000000e+03
1.070312500000000000e+03
8.750000000000000000e+02
9.882812500000000000e+02
7.421875000000000000e+02
8.789062500000000000e+02
7.929687500000000000e+02
1.382812500000000000e+03
8.906250000000000000e+02
1.117187500000000000e+03
7.148437500000000000e+02
1.250000000000000000e+03
8.593750000000000000e+02
1.687500000000000000e+03
1.277343750000000000e+03
1.058593750000000000e+03
2.109375000000000000e+03
1.308593750000000000e+03
1.789062500000000000e+03
8.750000000000000000e+02
7.382812500000000000e+02
1.128906250000000000e+03
1.308593750000000000e+03
1.222656250000000000e+03
1.289062500000000000e+03
1.316406250000000000e+03
7.031250000000000000e+02
7.343750000000000000e+02
1.316406250000000000e+03
1.175781250000000000e+03
8.359375000000000000e+02
6.835937500000000000e+02
1.261718750000000000e+03
1.312500000000000000e+03
6.914062500000000000e+02
6.914062500000000000e+02
7.539062500000000000e+02
7.070312500000000000e+02
7.421875000000000000e+02
7.968750000000000000e+02
7.617187500000000000e+02
7.578125000000000000e+02
7.773437500000000000e+02
7.031250000000000000e+02
7.109375000000000000e+02
7.109375000000000000e+02
6.953125000000000000e+02
6.953125000000000000e+02
7.617187500000000000e+02
7.812500000000000000e+02
7.265625000000000000e+02
1.332031250000000000e+03
8.046875000000000000e+02
1.144531250000000000e+03
8.632812500000000000e+02
7.304687500000000000e+02
9.140625000000000000e+02
9.062500000000000000e+02
6.718750000000000000e+02
1.039062500000000000e+03
1.230468750000000000e+03
7.734375000000000000e+02
7.656250000000000000e+02
7.617187500000000000e+02
7.031250000000000000e+02
8.046875000000000000e+02
8.203125000000000000e+02
1.421875000000000000e+03
7.500000000000000000e+02
1.285156250000000000e+03
9.218750000000000000e+02
6.835937500000000000e+02
6.992187500000000000e+02
1.304687500000000000e+03
9.726562500000000000e+02
7.070312500000000000e+02
1.082031250000000000e+03
1.269531250000000000e+03
1.117187500000000000e+03
1.066406250000000000e+03
1.347656250000000000e+03
9.843750000000000000e+02
6.914062500000000000e+02
8.828125000000000000e+02
1.312500000000000000e+03
1.433593750000000000e+03
7.773437500000000000e+02
7.851562500000000000e+02
8.828125000000000000e+02
8.515625000000000000e+02
1.218750000000000000e+03
1.046875000000000000e+03
7.617187500000000000e+02
6.953125000000000000e+02
9.218750000000000000e+02
7.187500000000000000e+02
8.203125000000000000e+02
6.835937500000000000e+02
8.710937500000000000e+02
6.875000000000000000e+02
7.421875000000000000e+02
1.267187500000000000e+04
7.421875000000000000e+02
1.953125000000000000e+03
6.289062500000000000e+03
1.191406250000000000e+03
8.828125000000000000e+02
1.562500000000000000e+03
7.777343750000000000e+03
1.058593750000000000e+03
8.085937500000000000e+02
1.199218750000000000e+03
7.187500000000000000e+02
6.953125000000000000e+02
6.796875000000000000e+02
7.968750000000000000e+02
3.441406250000000000e+03
9.414062500000000000e+02
7.812500000000000000e+02
1.042968750000000000e+03
8.828125000000000000e+02
1.101562500000000000e+03
6.953125000000000000e+02
7.929687500000000000e+02
8.398437500000000000e+02
8.437500000000000000e+02
1.289062500000000000e+03
1.214843750000000000e+03
9.179687500000000000e+02
9.257812500000000000e+02
7.656250000000000000e+02
7.187500000000000000e+02
7.578125000000000000e+02
7.617187500000000000e+02
8.515625000000000000e+02
1.203125000000000000e+03
8.867187500000000000e+02
8.398437500000000000e+02
7.109375000000000000e+02
1.324218750000000000e+03
1.171875000000000000e+03
8.906250000000000000e+02
7.031250000000000000e+02
8.789062500000000000e+02
8.164062500000000000e+02
7.812500000000000000e+02
1.847656250000000000e+03
1.230468750000000000e+03
2.839843750000000000e+03
1.644531250000000000e+03
4.636718750000000000e+03
1.152343750000000000e+03
9.492187500000000000e+02
1.468750000000000000e+03
1.277343750000000000e+03
1.277343750000000000e+03
1.839843750000000000e+03
9.726562500000000000e+02
9.062500000000000000e+02
1.000000000000000000e+03
2.175781250000000000e+03
9.179687500000000000e+02
2.035156250000000000e+03
5.453125000000000000e+03
1.386718750000000000e+03
1.839843750000000000e+03
9.062500000000000000e+02
1.089843750000000000e+03
1.097656250000000000e+03
6.796875000000000000e+02
7.187500000000000000e+02
1.574218750000000000e+03
7.226562500000000000e+02
7.734375000000000000e+02
1.570312500000000000e+03
7.734375000000000000e+02
7.070312500000000000e+02
1.390625000000000000e+03
1.699218750000000000e+03
1.078125000000000000e+03
6.679687500000000000e+02
1.320312500000000000e+03
1.656250000000000000e+03
5.769531250000000000e+03
1.074218750000000000e+03
4.718750000000000000e+03
2.554687500000000000e+03
1.753906250000000000e+03
9.101562500000000000e+02
2.562500000000000000e+03
6.605468750000000000e+03
7.421875000000000000e+02
8.046875000000000000e+02
1.507812500000000000e+03
7.695312500000000000e+02
9.257812500000000000e+02
1.121093750000000000e+03
8.046875000000000000e+02
7.304687500000000000e+02
1.085937500000000000e+03
1.093750000000000000e+03
9.140625000000000000e+02
8.906250000000000000e+02
1.042968750000000000e+03
1.296875000000000000e+03
