6.796875000000000000e+02
6.875000000000000000e+02
7.187500000000000000e+02
6.914062500000000000e+02
6.835937500000000000e+02
1.328125000000000000e+03
6.835937500000000000e+02
6.992187500000000000e+02
7.695312500000000000e+02
7.343750000000000000e+02
6.875000000000000000e+02
7.031250000000000000e+02
7.031250000000000000e+02
7.578125000000000000e+02
7.656250000000000000e+02
7.109375000000000000e+02
6.953125000000000000e+02
6.796875000000000000e+02
6.718750000000000000e+02
7.929687500000000000e+02
7.695312500000000000e+02
7.304687500000000000e+02
7.460937500000000000e+02
7.070312500000000000e+02
1.570312500000000000e+03
8.085937500000000000e+02
7.500000000000000000e+02
7.343750000000000000e+02
7.148437500000000000e+02
7.187500000000000000e+02
6.757812500000000000e+02
7.265625000000000000e+02
7.343750000000000000e+02
7.539062500000000000e+02
1.445312500000000000e+03
6.914062500000000000e+02
6.914062500000000000e+02
6.953125000000000000e+02
2.632812500000000000e+03
2.003906250000000000e+03
6.718750000000000000e+02
2.000000000000000000e+03
1.355468750000000000e+03
6.718750000000000000e+02
1.402343750000000000e+03
6.992187500000000000e+02
7.187500000000000000e+02
7.265625000000000000e+02
7.382812500000000000e+02
2.839843750000000000e+03
6.992187500000000000e+02
6.914062500000000000e+02
6.992187500000000000e+02
6.796875000000000000e+02
2.046875000000000000e+03
6.718750000000000000e+02
6.953125000000000000e+02
7.070312500000000000e+02
1.964843750000000000e+03
1.285156250000000000e+03
1.300781250000000000e+03
1.312500000000000000e+03
6.718750000000000000e+02
6.679687500000000000e+02
6.757812500000000000e+02
1.335937500000000000e+03
1.316406250000000000e+03
1.277343750000000000e+03
3.750000000000000000e+03
3.101562500000000000e+03
1.218750000000000000e+03
1.871093750000000000e+03
1.296875000000000000e+03
2.050781250000000000e+03
2.035156250000000000e+03
1.680468750000000000e+04
1.851562500000000000e+03
1.273437500000000000e+03
1.910156250000000000e+03
1.781640625000000000e+04
1.214843750000000000e+03
1.871093750000000000e+03
3.796875000000000000e+03
1.222656250000000000e+03
1.820312500000000000e+03
1.187500000000000000e+03
1.839843750000000000e+03
1.234375000000000000e+03
1.253906250000000000e+03
1.277343750000000000e+03
1.832031250000000000e+03
1.203125000000000000e+03
1.824218750000000000e+03
4.792968750000000000e+03
1.234375000000000000e+03
3.667968750000000000e+03
1.222656250000000000e+03
3.734375000000000000e+03
1.210937500000000000e+04
3.460937500000000000e+03
4.730468750000000000e+03
7.187500000000000000e+02
8.242187500000000000e+02
3.769531250000000000e+03
3.136718750000000000e+03
7.875000000000000000e+03
1.163281250000000000e+04
1.035156250000000000e+03
2.046875000000000000e+03
1.289062500000000000e+03
1.265625000000000000e+03
7.082031250000000000e+03
1.575390625000000000e+04
2.773437500000000000e+03
1.123828125000000000e+04
4.445312500000000000e+03
4.585937500000000000e+03
2.398437500000000000e+04
4.414062500000000000e+03
1.300781250000000000e+03
6.757812500000000000e+02
5.324218750000000000e+03
5.617187500000000000e+03
4.414062500000000000e+03
5.265625000000000000e+03
5.527343750000000000e+03
1.203125000000000000e+03
6.324218750000000000e+03
7.097656250000000000e+03
1.281250000000000000e+03
1.273437500000000000e+03
1.289062500000000000e+03
3.976562500000000000e+03
6.796875000000000000e+02
6.679687500000000000e+02
1.592968750000000000e+04
1.285156250000000000e+03
1.292968750000000000e+03
2.476562500000000000e+03
1.250000000000000000e+03
1.296875000000000000e+03
1.308593750000000000e+03
6.679687500000000000e+02
6.553125000000000000e+04
1.882812500000000000e+03
1.203125000000000000e+03
1.785156250000000000e+03
1.156250000000000000e+03
1.765625000000000000e+03
1.781250000000000000e+03
1.230468750000000000e+03
4.332031250000000000e+03
1.257812500000000000e+03
1.878906250000000000e+03
1.226562500000000000e+03
1.921875000000000000e+03
1.285156250000000000e+03
1.316406250000000000e+03
1.312500000000000000e+03
1.343750000000000000e+03
1.339843750000000000e+03
6.914062500000000000e+02
6.757812500000000000e+02
6.757812500000000000e+02
6.718750000000000000e+02
6.679687500000000000e+02
6.796875000000000000e+02
6.757812500000000000e+02
6.757812500000000000e+02
6.914062500000000000e+02
1.332031250000000000e+03
1.953125000000000000e+03
2.656250000000000000e+03
1.992187500000000000e+03
