8.007812500000000000e+02
8.593750000000000000e+02
1.140625000000000000e+03
1.484375000000000000e+03
8.437500000000000000e+02
1.039062500000000000e+03
7.656250000000000000e+02
1.300781250000000000e+03
7.851562500000000000e+02
1.316406250000000000e+03
6.796875000000000000e+02
1.000000000000000000e+03
1.210937500000000000e+03
7.812500000000000000e+02
1.035156250000000000e+03
1.015625000000000000e+03
1.187500000000000000e+03
6.718750000000000000e+02
7.343750000000000000e+02
6.835937500000000000e+02
8.828125000000000000e+02
1.183593750000000000e+03
6.835937500000000000e+02
1.183593750000000000e+03
1.132812500000000000e+03
1.183593750000000000e+03
7.500000000000000000e+02
1.000000000000000000e+03
8.671875000000000000e+02
1.132812500000000000e+03
1.023437500000000000e+03
1.132812500000000000e+03
7.343750000000000000e+02
1.175781250000000000e+03
9.062500000000000000e+02
1.078125000000000000e+03
1.214843750000000000e+03
4.531250000000000000e+03
6.835937500000000000e+02
1.082031250000000000e+03
1.066406250000000000e+03
8.671875000000000000e+02
2.082031250000000000e+03
8.164062500000000000e+02
7.500000000000000000e+02
6.835937500000000000e+02
8.242187500000000000e+02
1.167968750000000000e+03
8.593750000000000000e+02
8.476562500000000000e+02
1.066406250000000000e+03
1.816406250000000000e+03
1.066406250000000000e+03
8.164062500000000000e+02
6.679687500000000000e+02
7.500000000000000000e+02
9.492187500000000000e+02
6.835937500000000000e+02
8.007812500000000000e+02
8.164062500000000000e+02
1.132812500000000000e+03
2.234375000000000000e+03
1.148437500000000000e+03
9.687500000000000000e+02
6.835937500000000000e+02
8.671875000000000000e+02
9.257812500000000000e+02
7.500000000000000000e+02
1.117187500000000000e+03
1.250000000000000000e+03
8.671875000000000000e+02
8.515625000000000000e+02
1.046875000000000000e+03
9.179687500000000000e+02
8.164062500000000000e+02
9.687500000000000000e+02
2.375000000000000000e+03
1.117187500000000000e+03
1.250000000000000000e+03
1.667968750000000000e+03
1.000000000000000000e+03
2.273437500000000000e+03
1.019531250000000000e+03
1.011718750000000000e+03
1.500000000000000000e+03
6.835937500000000000e+02
1.117187500000000000e+03
1.250000000000000000e+03
6.835937500000000000e+02
7.500000000000000000e+02
6.835937500000000000e+02
1.066406250000000000e+03
6.835937500000000000e+02
6.992187500000000000e+02
7.343750000000000000e+02
1.250000000000000000e+03
1.066406250000000000e+03
1.183593750000000000e+03
1.117187500000000000e+03
1.000000000000000000e+03
6.992187500000000000e+02
9.335937500000000000e+02
9.335937500000000000e+02
1.000000000000000000e+03
7.500000000000000000e+02
7.656250000000000000e+02
1.101562500000000000e+03
7.500000000000000000e+02
6.835937500000000000e+02
8.007812500000000000e+02
1.265625000000000000e+03
1.050781250000000000e+03
8.007812500000000000e+02
1.066406250000000000e+03
6.835937500000000000e+02
7.500000000000000000e+02
1.000000000000000000e+03
7.343750000000000000e+02
1.015625000000000000e+03
9.843750000000000000e+02
7.656250000000000000e+02
6.679687500000000000e+02
6.992187500000000000e+02
1.117187500000000000e+03
8.671875000000000000e+02
1.066406250000000000e+03
1.132812500000000000e+03
1.066406250000000000e+03
1.050781250000000000e+03
1.000000000000000000e+03
8.164062500000000000e+02
1.015625000000000000e+03
6.679687500000000000e+02
7.500000000000000000e+02
9.335937500000000000e+02
9.335937500000000000e+02
1.199218750000000000e+03
6.992187500000000000e+02
6.835937500000000000e+02
7.031250000000000000e+02
7.656250000000000000e+02
6.992187500000000000e+02
2.898437500000000000e+03
6.679687500000000000e+02
7.500000000000000000e+02
8.828125000000000000e+02
1.183593750000000000e+03
7.500000000000000000e+02
8.828125000000000000e+02
2.000000000000000000e+03
1.316406250000000000e+03
1.117187500000000000e+03
9.335937500000000000e+02
6.992187500000000000e+02
8.164062500000000000e+02
7.500000000000000000e+02
6.679687500000000000e+02
1.199218750000000000e+03
7.343750000000000000e+02
7.500000000000000000e+02
7.500000000000000000e+02
8.007812500000000000e+02
7.500000000000000000e+02
7.500000000000000000e+02
6.679687500000000000e+02
7.148437500000000000e+02
8.671875000000000000e+02
1.183593750000000000e+03
1.316406250000000000e+03
1.218750000000000000e+03
8.320312500000000000e+02
6.835937500000000000e+02
8.007812500000000000e+02
6.835937500000000000e+02
6.679687500000000000e+02
1.417968750000000000e+03
1.000000000000000000e+03
9.843750000000000000e+02
1.335937500000000000e+03
3.066406250000000000e+03
8.984375000000000000e+02
1.316406250000000000e+03
1.117187500000000000e+03
9.179687500000000000e+02
7.500000000000000000e+02
1.183593750000000000e+03
7.851562500000000000e+02
6.992187500000000000e+02
6.679687500000000000e+02
8.476562500000000000e+02
1.117187500000000000e+03
1.117187500000000000e+03
1.035156250000000000e+03
7.148437500000000000e+02
7.031250000000000000e+02
6.796875000000000000e+02
6.835937500000000000e+02
6.992187500000000000e+02
6.835937500000000000e+02
9.335937500000000000e+02
8.828125000000000000e+02
7.500000000000000000e+02
8.671875000000000000e+02
1.000000000000000000e+03
7.656250000000000000e+02
8.515625000000000000e+02
3.148437500000000000e+03
8.007812500000000000e+02
1.000000000000000000e+03
7.500000000000000000e+02
9.843750000000000000e+02
1.015625000000000000e+03
8.671875000000000000e+02
7.500000000000000000e+02
7.500000000000000000e+02
6.718750000000000000e+02
7.968750000000000000e+02
6.914062500000000000e+02
7.890625000000000000e+02
7.343750000000000000e+02
7.500000000000000000e+02
8.164062500000000000e+02
6.679687500000000000e+02
6.835937500000000000e+02
8.828125000000000000e+02
7.656250000000000000e+02
8.203125000000000000e+02
1.031250000000000000e+03
8.164062500000000000e+02
1.039062500000000000e+03
9.140625000000000000e+02
9.492187500000000000e+02
1.250000000000000000e+03
6.835937500000000000e+02
1.300781250000000000e+03
1.316406250000000000e+03
1.519531250000000000e+03
1.277343750000000000e+03
8.867187500000000000e+02
9.335937500000000000e+02
8.281250000000000000e+02
1.179687500000000000e+03
6.992187500000000000e+02
1.250000000000000000e+03
1.250000000000000000e+03
6.992187500000000000e+02
9.062500000000000000e+02
1.199218750000000000e+03
8.437500000000000000e+02
1.132812500000000000e+03
1.066406250000000000e+03
1.039062500000000000e+03
8.945312500000000000e+02
6.679687500000000000e+02
1.285156250000000000e+03
9.531250000000000000e+02
1.425781250000000000e+03
1.199218750000000000e+03
6.679687500000000000e+02
8.164062500000000000e+02
6.835937500000000000e+02
7.929687500000000000e+02
1.000000000000000000e+03
8.750000000000000000e+02
7.968750000000000000e+02
8.281250000000000000e+02
8.515625000000000000e+02
1.144531250000000000e+03
6.718750000000000000e+02
8.359375000000000000e+02
1.117187500000000000e+03
8.476562500000000000e+02
6.953125000000000000e+02
