1.785156250000000000e+03
9.843750000000000000e+02
9.843750000000000000e+02
1.078125000000000000e+03
1.132812500000000000e+03
6.757812500000000000e+02
1.042968750000000000e+03
6.718750000000000000e+02
6.835937500000000000e+02
7.187500000000000000e+02
6.875000000000000000e+02
6.992187500000000000e+02
7.187500000000000000e+02
1.328125000000000000e+03
8.945312500000000000e+02
1.074218750000000000e+03
8.671875000000000000e+02
9.257812500000000000e+02
6.875000000000000000e+02
7.070312500000000000e+02
7.656250000000000000e+02
1.089843750000000000e+03
1.046875000000000000e+03
1.382812500000000000e+03
8.750000000000000000e+02
1.027343750000000000e+03
7.148437500000000000e+02
7.695312500000000000e+02
9.062500000000000000e+02
1.332031250000000000e+03
8.789062500000000000e+02
6.875000000000000000e+02
6.679687500000000000e+02
6.796875000000000000e+02
6.875000000000000000e+02
1.367187500000000000e+03
7.304687500000000000e+02
6.835937500000000000e+02
6.953125000000000000e+02
6.992187500000000000e+02
7.109375000000000000e+02
7.265625000000000000e+02
6.835937500000000000e+02
8.906250000000000000e+02
8.242187500000000000e+02
1.269531250000000000e+03
8.046875000000000000e+02
1.558593750000000000e+03
7.500000000000000000e+02
6.757812500000000000e+02
1.269531250000000000e+03
7.226562500000000000e+02
1.308593750000000000e+03
1.234375000000000000e+03
1.488281250000000000e+03
8.359375000000000000e+02
9.101562500000000000e+02
1.191406250000000000e+03
6.953125000000000000e+02
9.218750000000000000e+02
9.375000000000000000e+02
1.542968750000000000e+03
1.054687500000000000e+03
6.796875000000000000e+02
6.679687500000000000e+02
6.835937500000000000e+02
1.328125000000000000e+03
8.593750000000000000e+02
7.265625000000000000e+02
6.914062500000000000e+02
6.718750000000000000e+02
1.308593750000000000e+03
9.218750000000000000e+02
1.316406250000000000e+03
1.644531250000000000e+03
9.453125000000000000e+02
1.019531250000000000e+03
7.539062500000000000e+02
7.929687500000000000e+02
1.183593750000000000e+03
8.437500000000000000e+02
1.054687500000000000e+03
9.570312500000000000e+02
1.562500000000000000e+03
7.773437500000000000e+02
9.882812500000000000e+02
6.679687500000000000e+02
1.875000000000000000e+03
1.140625000000000000e+03
7.148437500000000000e+02
1.437500000000000000e+03
6.679687500000000000e+02
1.054687500000000000e+03
8.515625000000000000e+02
8.906250000000000000e+02
8.867187500000000000e+02
1.628906250000000000e+03
7.109375000000000000e+02
1.636718750000000000e+03
9.570312500000000000e+02
8.632812500000000000e+02
7.343750000000000000e+02
7.109375000000000000e+02
7.343750000000000000e+02
8.359375000000000000e+02
1.042968750000000000e+03
7.070312500000000000e+02
6.914062500000000000e+02
6.914062500000000000e+02
7.578125000000000000e+02
8.320312500000000000e+02
8.164062500000000000e+02
7.734375000000000000e+02
7.070312500000000000e+02
6.875000000000000000e+02
1.167968750000000000e+03
1.417968750000000000e+03
7.500000000000000000e+02
7.656250000000000000e+02
1.097656250000000000e+03
1.203125000000000000e+03
7.500000000000000000e+02
7.265625000000000000e+02
1.054687500000000000e+03
1.441406250000000000e+03
1.230468750000000000e+03
7.265625000000000000e+02
1.210937500000000000e+03
1.160156250000000000e+03
8.203125000000000000e+02
1.121093750000000000e+03
7.031250000000000000e+02
7.812500000000000000e+02
7.031250000000000000e+02
1.351562500000000000e+03
6.718750000000000000e+02
6.953125000000000000e+02
6.953125000000000000e+02
1.191406250000000000e+03
1.117187500000000000e+03
6.953125000000000000e+02
1.085937500000000000e+03
1.132812500000000000e+03
8.320312500000000000e+02
7.109375000000000000e+02
9.414062500000000000e+02
7.382812500000000000e+02
8.085937500000000000e+02
1.296875000000000000e+03
1.238281250000000000e+03
1.585937500000000000e+03
7.929687500000000000e+02
6.679687500000000000e+02
1.234375000000000000e+03
1.347656250000000000e+03
7.421875000000000000e+02
1.007812500000000000e+03
8.750000000000000000e+02
7.031250000000000000e+02
1.277343750000000000e+03
7.734375000000000000e+02
6.679687500000000000e+02
6.718750000000000000e+02
8.789062500000000000e+02
7.578125000000000000e+02
1.210937500000000000e+03
6.992187500000000000e+02
1.507812500000000000e+03
8.007812500000000000e+02
2.429687500000000000e+03
1.347656250000000000e+03
1.175781250000000000e+03
9.062500000000000000e+02
7.773437500000000000e+02
7.265625000000000000e+02
1.191406250000000000e+03
1.250000000000000000e+03
1.019531250000000000e+03
7.734375000000000000e+02
1.734375000000000000e+03
7.695312500000000000e+02
8.867187500000000000e+02
8.867187500000000000e+02
1.039062500000000000e+03
1.433593750000000000e+03
1.550781250000000000e+03
7.109375000000000000e+02
9.531250000000000000e+02
7.226562500000000000e+02
1.343750000000000000e+03
9.296875000000000000e+02
6.953125000000000000e+02
9.062500000000000000e+02
1.355468750000000000e+03
1.179687500000000000e+03
6.875000000000000000e+02
1.359375000000000000e+03
9.960937500000000000e+02
1.085937500000000000e+03
7.617187500000000000e+02
7.304687500000000000e+02
7.421875000000000000e+02
7.890625000000000000e+02
7.695312500000000000e+02
7.460937500000000000e+02
7.343750000000000000e+02
1.093750000000000000e+03
7.031250000000000000e+02
7.343750000000000000e+02
1.078125000000000000e+03
7.460937500000000000e+02
9.492187500000000000e+02
8.085937500000000000e+02
7.109375000000000000e+02
8.710937500000000000e+02
7.695312500000000000e+02
1.273437500000000000e+03
7.148437500000000000e+02
1.234375000000000000e+03
1.171875000000000000e+03
7.890625000000000000e+02
1.000000000000000000e+03
9.453125000000000000e+02
9.921875000000000000e+02
7.578125000000000000e+02
1.140625000000000000e+03
1.015625000000000000e+03
8.007812500000000000e+02
8.867187500000000000e+02
1.089843750000000000e+03
1.210937500000000000e+03
9.531250000000000000e+02
7.734375000000000000e+02
8.671875000000000000e+02
9.023437500000000000e+02
1.273437500000000000e+03
9.960937500000000000e+02
9.218750000000000000e+02
1.191406250000000000e+03
6.992187500000000000e+02
7.812500000000000000e+02
1.210937500000000000e+03
7.851562500000000000e+02
7.226562500000000000e+02
1.015625000000000000e+03
1.648437500000000000e+03
6.953125000000000000e+02
7.187500000000000000e+02
1.718750000000000000e+03
8.632812500000000000e+02
7.500000000000000000e+02
1.554687500000000000e+03
1.925781250000000000e+03
9.609375000000000000e+02
1.019531250000000000e+03
9.531250000000000000e+02
8.242187500000000000e+02
9.687500000000000000e+02
2.699218750000000000e+03
6.914062500000000000e+02
9.453125000000000000e+02
1.015625000000000000e+03
6.796875000000000000e+02
2.503906250000000000e+03
6.914062500000000000e+02
6.875000000000000000e+02
1.175781250000000000e+03
9.843750000000000000e+02
6.796875000000000000e+02
1.410156250000000000e+03
6.992187500000000000e+02
6.718750000000000000e+02
1.589843750000000000e+03
8.203125000000000000e+02
1.187500000000000000e+03
7.968750000000000000e+02
8.281250000000000000e+02
1.128906250000000000e+03
9.921875000000000000e+02
1.097656250000000000e+03
2.511718750000000000e+03
1.492187500000000000e+03
