1.225000000000000000e+04
8.750000000000000000e+02
6.679687500000000000e+02
6.835937500000000000e+02
1.300781250000000000e+03
1.281250000000000000e+03
6.992187500000000000e+02
7.031250000000000000e+02
7.148437500000000000e+02
7.187500000000000000e+02
7.148437500000000000e+02
6.992187500000000000e+02
7.070312500000000000e+02
6.835937500000000000e+02
6.992187500000000000e+02
6.835937500000000000e+02
6.835937500000000000e+02
6.835937500000000000e+02
6.835937500000000000e+02
6.679687500000000000e+02
6.835937500000000000e+02
6.992187500000000000e+02
6.992187500000000000e+02
6.992187500000000000e+02
6.992187500000000000e+02
6.835937500000000000e+02
6.992187500000000000e+02
6.679687500000000000e+02
1.296875000000000000e+03
1.285156250000000000e+03
1.320312500000000000e+03
7.109375000000000000e+02
7.304687500000000000e+02
7.343750000000000000e+02
6.992187500000000000e+02
6.992187500000000000e+02
6.992187500000000000e+02
1.351562500000000000e+03
6.679687500000000000e+02
6.796875000000000000e+02
1.316406250000000000e+03
6.796875000000000000e+02
6.875000000000000000e+02
6.953125000000000000e+02
6.835937500000000000e+02
7.031250000000000000e+02
7.148437500000000000e+02
6.953125000000000000e+02
6.875000000000000000e+02
1.335937500000000000e+03
6.718750000000000000e+02
6.914062500000000000e+02
6.914062500000000000e+02
6.992187500000000000e+02
6.796875000000000000e+02
1.328125000000000000e+03
1.320312500000000000e+03
1.027343750000000000e+03
9.062500000000000000e+02
6.953125000000000000e+02
7.812500000000000000e+02
8.515625000000000000e+02
8.671875000000000000e+02
8.554687500000000000e+02
8.710937500000000000e+02
8.632812500000000000e+02
8.281250000000000000e+02
8.007812500000000000e+02
7.656250000000000000e+02
7.265625000000000000e+02
7.187500000000000000e+02
7.031250000000000000e+02
7.148437500000000000e+02
6.953125000000000000e+02
6.992187500000000000e+02
6.796875000000000000e+02
6.757812500000000000e+02
2.035156250000000000e+03
1.316406250000000000e+03
1.320312500000000000e+03
1.351562500000000000e+03
1.332031250000000000e+03
6.679687500000000000e+02
7.031250000000000000e+02
7.031250000000000000e+02
1.492187500000000000e+03
7.500000000000000000e+02
7.890625000000000000e+02
7.656250000000000000e+02
7.109375000000000000e+02
6.992187500000000000e+02
6.835937500000000000e+02
6.914062500000000000e+02
6.914062500000000000e+02
6.796875000000000000e+02
6.953125000000000000e+02
6.914062500000000000e+02
6.875000000000000000e+02
8.203125000000000000e+02
2.589843750000000000e+03
1.992187500000000000e+03
9.687500000000000000e+02
1.546875000000000000e+03
1.273437500000000000e+03
8.242187500000000000e+02
1.187500000000000000e+03
1.035156250000000000e+03
1.105468750000000000e+03
9.414062500000000000e+02
7.695312500000000000e+02
7.148437500000000000e+02
3.281250000000000000e+03
7.500000000000000000e+02
7.187500000000000000e+02
1.113281250000000000e+03
1.031250000000000000e+03
6.835937500000000000e+02
6.679687500000000000e+02
6.835937500000000000e+02
6.796875000000000000e+02
8.007812500000000000e+02
6.835937500000000000e+02
1.132812500000000000e+03
1.316406250000000000e+03
1.300781250000000000e+03
6.796875000000000000e+02
6.992187500000000000e+02
7.031250000000000000e+02
7.148437500000000000e+02
7.148437500000000000e+02
6.992187500000000000e+02
6.992187500000000000e+02
6.992187500000000000e+02
6.992187500000000000e+02
6.835937500000000000e+02
6.679687500000000000e+02
