6.835937500000000000e+02
6.835937500000000000e+02
1.265625000000000000e+03
1.265625000000000000e+03
8.320312500000000000e+02
1.109375000000000000e+03
7.929687500000000000e+02
1.785156250000000000e+03
1.335937500000000000e+03
8.476562500000000000e+02
8.164062500000000000e+02
7.734375000000000000e+02
1.195312500000000000e+03
1.070312500000000000e+03
8.437500000000000000e+02
1.269531250000000000e+03
7.031250000000000000e+02
9.257812500000000000e+02
7.148437500000000000e+02
6.757812500000000000e+02
1.316406250000000000e+03
6.835937500000000000e+02
6.875000000000000000e+02
7.343750000000000000e+02
7.148437500000000000e+02
8.359375000000000000e+02
8.476562500000000000e+02
8.437500000000000000e+02
1.019531250000000000e+03
6.914062500000000000e+02
7.421875000000000000e+02
6.875000000000000000e+02
1.246093750000000000e+03
9.570312500000000000e+02
1.636718750000000000e+03
3.824218750000000000e+03
1.269531250000000000e+03
1.292968750000000000e+03
8.164062500000000000e+02
1.019531250000000000e+03
1.082031250000000000e+03
6.718750000000000000e+02
7.929687500000000000e+02
1.015625000000000000e+03
7.343750000000000000e+02
1.000000000000000000e+03
6.992187500000000000e+02
6.875000000000000000e+02
7.890625000000000000e+02
7.929687500000000000e+02
9.804687500000000000e+02
9.257812500000000000e+02
7.187500000000000000e+02
9.101562500000000000e+02
1.203125000000000000e+03
7.812500000000000000e+02
7.773437500000000000e+02
1.070312500000000000e+03
6.953125000000000000e+02
1.472656250000000000e+03
1.777343750000000000e+03
1.460937500000000000e+03
1.117187500000000000e+03
1.484375000000000000e+03
7.343750000000000000e+02
1.226562500000000000e+03
6.953125000000000000e+02
1.218750000000000000e+03
8.281250000000000000e+02
9.609375000000000000e+02
1.023437500000000000e+03
1.281250000000000000e+03
7.695312500000000000e+02
8.085937500000000000e+02
1.101562500000000000e+03
1.371093750000000000e+03
1.019531250000000000e+03
8.906250000000000000e+02
6.835937500000000000e+02
6.914062500000000000e+02
1.546875000000000000e+03
1.437500000000000000e+03
1.187500000000000000e+03
7.187500000000000000e+02
7.343750000000000000e+02
7.851562500000000000e+02
7.304687500000000000e+02
8.203125000000000000e+02
7.929687500000000000e+02
8.398437500000000000e+02
1.863281250000000000e+03
7.734375000000000000e+02
7.382812500000000000e+02
6.718750000000000000e+02
6.992187500000000000e+02
7.539062500000000000e+02
8.281250000000000000e+02
8.750000000000000000e+02
8.242187500000000000e+02
1.507812500000000000e+03
1.226562500000000000e+03
1.144531250000000000e+03
7.148437500000000000e+02
6.679687500000000000e+02
8.359375000000000000e+02
7.421875000000000000e+02
1.253906250000000000e+03
1.453125000000000000e+03
6.953125000000000000e+02
1.460937500000000000e+03
1.699218750000000000e+03
6.718750000000000000e+02
8.398437500000000000e+02
1.171875000000000000e+03
5.367187500000000000e+03
7.304687500000000000e+02
8.007812500000000000e+02
1.199218750000000000e+03
8.789062500000000000e+02
7.500000000000000000e+02
8.671875000000000000e+02
1.593750000000000000e+03
6.757812500000000000e+02
6.835937500000000000e+02
6.875000000000000000e+02
1.007812500000000000e+03
7.968750000000000000e+02
7.500000000000000000e+02
1.562500000000000000e+03
6.718750000000000000e+02
9.218750000000000000e+02
1.496093750000000000e+03
7.226562500000000000e+02
1.128906250000000000e+03
9.296875000000000000e+02
1.203125000000000000e+03
7.031250000000000000e+02
7.343750000000000000e+02
1.250000000000000000e+03
1.062500000000000000e+03
1.000000000000000000e+03
7.343750000000000000e+02
8.476562500000000000e+02
3.285156250000000000e+03
1.359375000000000000e+03
1.523437500000000000e+03
8.750000000000000000e+02
9.023437500000000000e+02
1.253906250000000000e+03
7.187500000000000000e+02
7.460937500000000000e+02
7.539062500000000000e+02
8.046875000000000000e+02
8.007812500000000000e+02
8.867187500000000000e+02
8.515625000000000000e+02
9.179687500000000000e+02
8.945312500000000000e+02
9.296875000000000000e+02
9.140625000000000000e+02
9.492187500000000000e+02
9.609375000000000000e+02
9.218750000000000000e+02
9.179687500000000000e+02
9.179687500000000000e+02
9.414062500000000000e+02
9.453125000000000000e+02
1.812500000000000000e+03
9.414062500000000000e+02
8.593750000000000000e+02
9.218750000000000000e+02
9.296875000000000000e+02
8.476562500000000000e+02
8.671875000000000000e+02
7.109375000000000000e+02
7.304687500000000000e+02
1.042968750000000000e+03
1.320312500000000000e+03
9.023437500000000000e+02
1.339843750000000000e+03
8.437500000000000000e+02
9.023437500000000000e+02
8.359375000000000000e+02
7.734375000000000000e+02
8.632812500000000000e+02
8.164062500000000000e+02
7.773437500000000000e+02
7.578125000000000000e+02
7.500000000000000000e+02
8.007812500000000000e+02
7.226562500000000000e+02
6.914062500000000000e+02
7.148437500000000000e+02
7.968750000000000000e+02
8.789062500000000000e+02
8.515625000000000000e+02
8.984375000000000000e+02
8.906250000000000000e+02
8.750000000000000000e+02
8.906250000000000000e+02
9.218750000000000000e+02
8.828125000000000000e+02
9.531250000000000000e+02
9.687500000000000000e+02
8.906250000000000000e+02
9.453125000000000000e+02
9.492187500000000000e+02
9.179687500000000000e+02
1.582031250000000000e+03
1.218750000000000000e+03
9.335937500000000000e+02
7.460937500000000000e+02
7.851562500000000000e+02
7.812500000000000000e+02
8.046875000000000000e+02
8.750000000000000000e+02
8.750000000000000000e+02
8.007812500000000000e+02
8.632812500000000000e+02
1.117187500000000000e+03
9.726562500000000000e+02
1.312500000000000000e+03
1.355468750000000000e+03
9.570312500000000000e+02
1.113281250000000000e+03
7.578125000000000000e+02
1.316406250000000000e+03
1.066406250000000000e+03
2.023437500000000000e+03
1.593750000000000000e+03
1.398437500000000000e+03
1.027343750000000000e+03
8.242187500000000000e+02
1.136718750000000000e+03
1.195312500000000000e+03
1.343750000000000000e+03
1.074218750000000000e+03
7.421875000000000000e+02
1.183593750000000000e+03
1.652343750000000000e+03
6.679687500000000000e+02
8.125000000000000000e+02
8.203125000000000000e+02
7.382812500000000000e+02
8.007812500000000000e+02
1.304687500000000000e+03
6.914062500000000000e+02
1.613281250000000000e+03
9.101562500000000000e+02
1.332031250000000000e+03
6.875000000000000000e+02
1.304687500000000000e+03
8.828125000000000000e+02
