6.875000000000000000e+02
6.992187500000000000e+02
7.070312500000000000e+02
6.992187500000000000e+02
7.460937500000000000e+02
7.656250000000000000e+02
7.617187500000000000e+02
7.890625000000000000e+02
8.046875000000000000e+02
8.164062500000000000e+02
8.242187500000000000e+02
7.890625000000000000e+02
7.968750000000000000e+02
7.812500000000000000e+02
7.773437500000000000e+02
7.617187500000000000e+02
7.773437500000000000e+02
7.851562500000000000e+02
7.656250000000000000e+02
7.539062500000000000e+02
2.105468750000000000e+03
6.835937500000000000e+02
6.718750000000000000e+02
6.757812500000000000e+02
7.265625000000000000e+02
7.500000000000000000e+02
7.304687500000000000e+02
7.031250000000000000e+02
6.914062500000000000e+02
7.031250000000000000e+02
7.148437500000000000e+02
7.343750000000000000e+02
7.421875000000000000e+02
7.578125000000000000e+02
7.656250000000000000e+02
7.734375000000000000e+02
7.695312500000000000e+02
7.734375000000000000e+02
7.851562500000000000e+02
7.890625000000000000e+02
7.773437500000000000e+02
7.851562500000000000e+02
7.773437500000000000e+02
7.500000000000000000e+02
7.734375000000000000e+02
7.343750000000000000e+02
7.578125000000000000e+02
7.812500000000000000e+02
8.007812500000000000e+02
7.929687500000000000e+02
7.890625000000000000e+02
8.281250000000000000e+02
8.203125000000000000e+02
7.890625000000000000e+02
7.929687500000000000e+02
7.851562500000000000e+02
7.773437500000000000e+02
7.421875000000000000e+02
7.500000000000000000e+02
7.539062500000000000e+02
7.500000000000000000e+02
7.304687500000000000e+02
7.500000000000000000e+02
7.382812500000000000e+02
7.500000000000000000e+02
7.343750000000000000e+02
7.578125000000000000e+02
7.578125000000000000e+02
7.656250000000000000e+02
7.539062500000000000e+02
7.578125000000000000e+02
7.578125000000000000e+02
7.500000000000000000e+02
7.421875000000000000e+02
7.382812500000000000e+02
7.617187500000000000e+02
7.695312500000000000e+02
7.695312500000000000e+02
7.656250000000000000e+02
7.695312500000000000e+02
7.968750000000000000e+02
7.890625000000000000e+02
7.695312500000000000e+02
7.617187500000000000e+02
7.734375000000000000e+02
7.695312500000000000e+02
7.617187500000000000e+02
7.460937500000000000e+02
7.656250000000000000e+02
7.617187500000000000e+02
7.460937500000000000e+02
7.421875000000000000e+02
7.578125000000000000e+02
7.656250000000000000e+02
7.382812500000000000e+02
7.382812500000000000e+02
7.656250000000000000e+02
7.617187500000000000e+02
7.578125000000000000e+02
7.578125000000000000e+02
7.812500000000000000e+02
7.929687500000000000e+02
7.695312500000000000e+02
7.695312500000000000e+02
8.125000000000000000e+02
8.085937500000000000e+02
7.851562500000000000e+02
7.734375000000000000e+02
7.929687500000000000e+02
7.929687500000000000e+02
7.578125000000000000e+02
7.617187500000000000e+02
7.734375000000000000e+02
7.773437500000000000e+02
7.656250000000000000e+02
7.734375000000000000e+02
7.890625000000000000e+02
7.890625000000000000e+02
7.773437500000000000e+02
7.890625000000000000e+02
7.968750000000000000e+02
7.968750000000000000e+02
7.695312500000000000e+02
7.812500000000000000e+02
7.812500000000000000e+02
7.890625000000000000e+02
7.695312500000000000e+02
7.695312500000000000e+02
7.929687500000000000e+02
7.812500000000000000e+02
7.617187500000000000e+02
7.539062500000000000e+02
7.656250000000000000e+02
7.734375000000000000e+02
7.539062500000000000e+02
7.734375000000000000e+02
7.656250000000000000e+02
7.812500000000000000e+02
7.500000000000000000e+02
7.500000000000000000e+02
7.500000000000000000e+02
7.617187500000000000e+02
7.421875000000000000e+02
7.500000000000000000e+02
7.539062500000000000e+02
7.539062500000000000e+02
7.382812500000000000e+02
7.500000000000000000e+02
7.539062500000000000e+02
7.656250000000000000e+02
7.656250000000000000e+02
7.500000000000000000e+02
7.851562500000000000e+02
7.812500000000000000e+02
7.890625000000000000e+02
7.656250000000000000e+02
7.734375000000000000e+02
7.890625000000000000e+02
8.085937500000000000e+02
7.890625000000000000e+02
7.734375000000000000e+02
7.890625000000000000e+02
8.007812500000000000e+02
7.929687500000000000e+02
7.851562500000000000e+02
8.085937500000000000e+02
8.125000000000000000e+02
8.046875000000000000e+02
7.812500000000000000e+02
7.890625000000000000e+02
7.929687500000000000e+02
7.929687500000000000e+02
7.695312500000000000e+02
7.539062500000000000e+02
7.695312500000000000e+02
7.656250000000000000e+02
7.617187500000000000e+02
7.578125000000000000e+02
7.734375000000000000e+02
7.851562500000000000e+02
7.851562500000000000e+02
7.695312500000000000e+02
7.812500000000000000e+02
7.851562500000000000e+02
7.929687500000000000e+02
7.656250000000000000e+02
7.656250000000000000e+02
7.812500000000000000e+02
7.734375000000000000e+02
7.500000000000000000e+02
7.539062500000000000e+02
7.578125000000000000e+02
7.773437500000000000e+02
7.500000000000000000e+02
