1.187500000000000000e+03
1.707031250000000000e+03
1.101562500000000000e+03
1.105468750000000000e+03
1.152343750000000000e+03
1.171875000000000000e+03
1.175781250000000000e+03
1.164062500000000000e+03
1.761718750000000000e+03
1.144531250000000000e+03
1.613281250000000000e+03
1.070312500000000000e+03
1.203125000000000000e+03
6.757812500000000000e+02
7.070312500000000000e+02
6.992187500000000000e+02
1.960937500000000000e+03
6.718750000000000000e+02
6.679687500000000000e+02
1.292968750000000000e+03
1.226562500000000000e+03
1.125000000000000000e+03
1.089843750000000000e+03
1.136718750000000000e+03
1.171875000000000000e+03
1.199218750000000000e+03
1.250000000000000000e+03
2.031250000000000000e+03
7.500000000000000000e+02
7.304687500000000000e+02
7.187500000000000000e+02
6.992187500000000000e+02
7.070312500000000000e+02
6.796875000000000000e+02
6.796875000000000000e+02
6.757812500000000000e+02
6.796875000000000000e+02
6.757812500000000000e+02
1.332031250000000000e+03
6.679687500000000000e+02
6.914062500000000000e+02
6.953125000000000000e+02
6.757812500000000000e+02
6.679687500000000000e+02
6.718750000000000000e+02
6.679687500000000000e+02
6.757812500000000000e+02
6.718750000000000000e+02
1.328125000000000000e+03
2.593750000000000000e+03
1.257812500000000000e+03
7.699218750000000000e+03
1.156250000000000000e+03
1.699218750000000000e+03
1.722656250000000000e+03
1.175781250000000000e+03
1.804687500000000000e+03
2.367187500000000000e+03
1.753906250000000000e+03
1.156250000000000000e+03
1.726562500000000000e+03
1.356250000000000000e+04
7.800781250000000000e+03
1.169921875000000000e+04
3.417968750000000000e+03
1.167968750000000000e+03
1.203125000000000000e+03
1.824218750000000000e+03
5.960546875000000000e+04
2.625000000000000000e+03
1.214062500000000000e+04
9.164062500000000000e+03
5.550781250000000000e+03
5.770703125000000000e+04
1.175781250000000000e+03
1.718750000000000000e+03
1.121093750000000000e+03
1.132812500000000000e+03
1.136718750000000000e+03
1.171875000000000000e+03
1.195312500000000000e+03
1.250000000000000000e+03
1.257812500000000000e+03
4.198828125000000000e+04
6.722656250000000000e+03
1.257812500000000000e+03
1.289062500000000000e+03
1.847656250000000000e+03
1.199218750000000000e+03
1.199218750000000000e+03
1.187500000000000000e+03
2.351562500000000000e+03
1.233984375000000000e+04
4.277343750000000000e+03
1.203125000000000000e+03
1.796875000000000000e+03
1.789062500000000000e+03
1.820312500000000000e+03
1.214843750000000000e+03
1.832031250000000000e+03
5.093750000000000000e+03
2.125000000000000000e+03
2.277343750000000000e+03
1.203125000000000000e+03
1.839843750000000000e+03
1.203125000000000000e+03
1.156250000000000000e+03
1.742187500000000000e+03
