7.695312500000000000e+02
6.796875000000000000e+02
8.515625000000000000e+02
7.812500000000000000e+02
6.992187500000000000e+02
8.359375000000000000e+02
7.695312500000000000e+02
7.773437500000000000e+02
7.656250000000000000e+02
7.382812500000000000e+02
7.304687500000000000e+02
7.695312500000000000e+02
7.617187500000000000e+02
7.187500000000000000e+02
7.656250000000000000e+02
7.695312500000000000e+02
7.656250000000000000e+02
7.617187500000000000e+02
1.187500000000000000e+03
1.097656250000000000e+03
8.632812500000000000e+02
7.539062500000000000e+02
7.968750000000000000e+02
1.167968750000000000e+03
1.152343750000000000e+03
7.812500000000000000e+02
7.695312500000000000e+02
1.097656250000000000e+03
1.203125000000000000e+03
7.539062500000000000e+02
7.617187500000000000e+02
6.835937500000000000e+02
8.085937500000000000e+02
1.121093750000000000e+03
1.042968750000000000e+03
7.773437500000000000e+02
8.671875000000000000e+02
7.656250000000000000e+02
8.281250000000000000e+02
7.890625000000000000e+02
8.359375000000000000e+02
8.437500000000000000e+02
7.695312500000000000e+02
8.007812500000000000e+02
7.773437500000000000e+02
8.046875000000000000e+02
7.734375000000000000e+02
1.597656250000000000e+03
8.476562500000000000e+02
8.710937500000000000e+02
8.125000000000000000e+02
8.007812500000000000e+02
8.281250000000000000e+02
8.320312500000000000e+02
7.929687500000000000e+02
1.191406250000000000e+03
1.289062500000000000e+03
7.968750000000000000e+02
7.890625000000000000e+02
1.281250000000000000e+03
1.136718750000000000e+03
6.796875000000000000e+02
1.308593750000000000e+03
1.277343750000000000e+03
7.929687500000000000e+02
8.320312500000000000e+02
7.968750000000000000e+02
8.281250000000000000e+02
7.968750000000000000e+02
8.789062500000000000e+02
9.375000000000000000e+02
8.320312500000000000e+02
8.281250000000000000e+02
8.398437500000000000e+02
8.710937500000000000e+02
8.320312500000000000e+02
8.750000000000000000e+02
9.335937500000000000e+02
9.101562500000000000e+02
9.335937500000000000e+02
7.265625000000000000e+02
9.804687500000000000e+02
8.867187500000000000e+02
7.968750000000000000e+02
7.851562500000000000e+02
7.968750000000000000e+02
8.125000000000000000e+02
7.851562500000000000e+02
7.929687500000000000e+02
8.320312500000000000e+02
8.828125000000000000e+02
1.078125000000000000e+03
9.023437500000000000e+02
1.261718750000000000e+03
7.656250000000000000e+02
7.695312500000000000e+02
8.125000000000000000e+02
8.515625000000000000e+02
8.398437500000000000e+02
8.593750000000000000e+02
8.906250000000000000e+02
8.359375000000000000e+02
8.750000000000000000e+02
8.359375000000000000e+02
7.812500000000000000e+02
7.812500000000000000e+02
7.851562500000000000e+02
8.125000000000000000e+02
8.671875000000000000e+02
7.851562500000000000e+02
8.007812500000000000e+02
8.359375000000000000e+02
8.007812500000000000e+02
7.773437500000000000e+02
7.343750000000000000e+02
7.500000000000000000e+02
7.343750000000000000e+02
8.007812500000000000e+02
7.968750000000000000e+02
8.398437500000000000e+02
8.007812500000000000e+02
8.125000000000000000e+02
7.851562500000000000e+02
7.851562500000000000e+02
7.812500000000000000e+02
7.773437500000000000e+02
1.621093750000000000e+03
8.007812500000000000e+02
8.359375000000000000e+02
8.476562500000000000e+02
8.476562500000000000e+02
8.828125000000000000e+02
9.218750000000000000e+02
9.296875000000000000e+02
8.476562500000000000e+02
8.085937500000000000e+02
8.554687500000000000e+02
8.320312500000000000e+02
8.867187500000000000e+02
1.406250000000000000e+03
1.132812500000000000e+03
8.632812500000000000e+02
8.164062500000000000e+02
7.851562500000000000e+02
7.695312500000000000e+02
7.968750000000000000e+02
8.164062500000000000e+02
8.359375000000000000e+02
8.476562500000000000e+02
8.515625000000000000e+02
8.007812500000000000e+02
8.632812500000000000e+02
8.359375000000000000e+02
7.500000000000000000e+02
7.695312500000000000e+02
7.539062500000000000e+02
7.851562500000000000e+02
8.242187500000000000e+02
8.671875000000000000e+02
8.828125000000000000e+02
8.320312500000000000e+02
8.828125000000000000e+02
8.320312500000000000e+02
8.007812500000000000e+02
8.320312500000000000e+02
7.656250000000000000e+02
7.695312500000000000e+02
7.695312500000000000e+02
8.281250000000000000e+02
7.851562500000000000e+02
8.007812500000000000e+02
8.515625000000000000e+02
8.632812500000000000e+02
8.320312500000000000e+02
8.203125000000000000e+02
8.945312500000000000e+02
8.671875000000000000e+02
8.359375000000000000e+02
8.476562500000000000e+02
8.007812500000000000e+02
1.167968750000000000e+03
1.289062500000000000e+03
1.234375000000000000e+03
1.226562500000000000e+03
7.226562500000000000e+02
8.164062500000000000e+02
1.066406250000000000e+03
1.066406250000000000e+03
1.093750000000000000e+03
1.132812500000000000e+03
1.152343750000000000e+03
7.500000000000000000e+02
1.359375000000000000e+03
8.203125000000000000e+02
8.046875000000000000e+02
9.218750000000000000e+02
6.757812500000000000e+02
7.695312500000000000e+02
7.031250000000000000e+02
8.476562500000000000e+02
1.058593750000000000e+03
1.042968750000000000e+03
1.082031250000000000e+03
1.250000000000000000e+03
1.265625000000000000e+03
1.082031250000000000e+03
1.234375000000000000e+03
9.804687500000000000e+02
7.851562500000000000e+02
9.062500000000000000e+02
1.093750000000000000e+03
9.140625000000000000e+02
9.531250000000000000e+02
7.500000000000000000e+02
6.835937500000000000e+02
8.828125000000000000e+02
1.050781250000000000e+03
8.671875000000000000e+02
6.992187500000000000e+02
7.343750000000000000e+02
1.000000000000000000e+03
7.148437500000000000e+02
7.851562500000000000e+02
6.679687500000000000e+02
8.164062500000000000e+02
9.804687500000000000e+02
8.007812500000000000e+02
8.359375000000000000e+02
8.828125000000000000e+02
8.671875000000000000e+02
8.671875000000000000e+02
8.359375000000000000e+02
8.789062500000000000e+02
8.515625000000000000e+02
8.164062500000000000e+02
1.050781250000000000e+03
7.851562500000000000e+02
8.828125000000000000e+02
1.355468750000000000e+03
6.875000000000000000e+02
6.992187500000000000e+02
8.828125000000000000e+02
7.968750000000000000e+02
1.023437500000000000e+03
9.062500000000000000e+02
8.164062500000000000e+02
8.046875000000000000e+02
6.835937500000000000e+02
9.023437500000000000e+02
8.515625000000000000e+02
7.539062500000000000e+02
1.144531250000000000e+03
1.199218750000000000e+03
7.226562500000000000e+02
6.835937500000000000e+02
1.367187500000000000e+03
9.960937500000000000e+02
8.007812500000000000e+02
7.656250000000000000e+02
6.835937500000000000e+02
8.671875000000000000e+02
1.367187500000000000e+03
8.828125000000000000e+02
8.437500000000000000e+02
9.531250000000000000e+02
1.031250000000000000e+03
