6.679687500000000000e+02
6.718750000000000000e+02
6.718750000000000000e+02
6.718750000000000000e+02
1.328125000000000000e+03
1.300781250000000000e+03
1.296875000000000000e+03
7.031250000000000000e+02
7.421875000000000000e+02
6.835937500000000000e+02
1.289062500000000000e+03
1.308593750000000000e+03
6.339843750000000000e+03
3.230468750000000000e+03
7.109375000000000000e+02
7.148437500000000000e+02
7.109375000000000000e+02
7.187500000000000000e+02
7.226562500000000000e+02
2.785156250000000000e+03
6.679687500000000000e+02
6.042968750000000000e+03
1.239453125000000000e+04
1.308593750000000000e+03
1.339843750000000000e+03
1.296875000000000000e+03
1.964843750000000000e+03
1.996093750000000000e+03
3.929687500000000000e+03
1.332031250000000000e+03
1.316406250000000000e+03
1.343750000000000000e+03
1.339843750000000000e+03
1.296875000000000000e+03
1.316406250000000000e+03
1.300781250000000000e+03
1.320312500000000000e+03
6.796875000000000000e+02
6.796875000000000000e+02
6.914062500000000000e+02
6.718750000000000000e+02
6.796875000000000000e+02
6.796875000000000000e+02
6.679687500000000000e+02
6.718750000000000000e+02
1.335937500000000000e+03
1.316406250000000000e+03
1.320312500000000000e+03
1.292968750000000000e+03
1.273437500000000000e+03
1.265625000000000000e+03
1.285156250000000000e+03
7.031250000000000000e+02
6.914062500000000000e+02
1.320312500000000000e+03
6.679687500000000000e+02
1.328125000000000000e+03
1.269531250000000000e+03
1.824218750000000000e+03
1.238281250000000000e+03
6.718750000000000000e+02
7.109375000000000000e+02
6.914062500000000000e+02
6.796875000000000000e+02
7.304687500000000000e+02
7.070312500000000000e+02
1.343750000000000000e+03
1.277343750000000000e+03
1.285156250000000000e+03
1.285156250000000000e+03
6.953125000000000000e+02
6.835937500000000000e+02
6.796875000000000000e+02
6.757812500000000000e+02
7.343750000000000000e+02
7.890625000000000000e+02
7.421875000000000000e+02
6.914062500000000000e+02
6.757812500000000000e+02
7.226562500000000000e+02
7.265625000000000000e+02
7.187500000000000000e+02
7.070312500000000000e+02
7.226562500000000000e+02
7.226562500000000000e+02
7.382812500000000000e+02
7.070312500000000000e+02
6.875000000000000000e+02
6.953125000000000000e+02
7.109375000000000000e+02
7.265625000000000000e+02
1.359375000000000000e+03
1.332031250000000000e+03
6.875000000000000000e+02
6.679687500000000000e+02
6.679687500000000000e+02
2.003906250000000000e+03
1.980468750000000000e+03
1.960937500000000000e+03
1.882812500000000000e+03
1.246093750000000000e+03
1.185937500000000000e+04
5.859375000000000000e+03
1.304687500000000000e+03
2.550781250000000000e+03
5.183593750000000000e+03
1.289062500000000000e+03
1.910156250000000000e+03
1.277343750000000000e+03
5.246093750000000000e+03
1.304687500000000000e+03
1.167187500000000000e+04
1.921875000000000000e+03
1.281250000000000000e+03
6.718750000000000000e+02
6.679687500000000000e+02
6.679687500000000000e+02
6.718750000000000000e+02
6.679687500000000000e+02
1.308593750000000000e+03
1.910156250000000000e+03
1.953125000000000000e+03
1.328125000000000000e+03
6.679687500000000000e+02
2.023437500000000000e+03
1.960937500000000000e+03
1.300781250000000000e+03
1.300781250000000000e+03
1.285156250000000000e+03
1.292968750000000000e+03
1.300781250000000000e+03
1.976562500000000000e+03
1.304687500000000000e+03
6.718750000000000000e+02
1.292968750000000000e+03
1.957031250000000000e+03
1.964843750000000000e+03
3.289062500000000000e+03
1.289062500000000000e+03
2.511718750000000000e+03
1.250000000000000000e+03
8.980468750000000000e+03
1.914062500000000000e+03
1.257812500000000000e+03
1.859375000000000000e+03
1.210937500000000000e+03
1.210937500000000000e+03
1.812500000000000000e+03
1.839843750000000000e+03
1.250000000000000000e+03
1.277343750000000000e+03
1.292968750000000000e+03
1.320312500000000000e+03
1.300781250000000000e+03
1.265625000000000000e+03
2.011718750000000000e+03
7.031250000000000000e+02
6.992187500000000000e+02
6.875000000000000000e+02
7.070312500000000000e+02
7.148437500000000000e+02
6.953125000000000000e+02
6.835937500000000000e+02
1.308593750000000000e+03
1.257812500000000000e+03
1.265625000000000000e+03
2.019531250000000000e+03
1.328125000000000000e+03
3.898437500000000000e+03
1.917968750000000000e+03
1.304687500000000000e+03
1.304687500000000000e+03
1.957031250000000000e+03
1.308593750000000000e+03
1.273437500000000000e+03
1.867187500000000000e+03
1.210937500000000000e+03
1.222656250000000000e+03
1.265625000000000000e+03
1.250000000000000000e+03
1.324218750000000000e+03
1.332031250000000000e+03
6.679687500000000000e+02
6.953125000000000000e+02
6.718750000000000000e+02
1.312500000000000000e+03
1.308593750000000000e+03
1.285156250000000000e+03
1.273437500000000000e+03
1.273437500000000000e+03
1.949218750000000000e+03
1.304687500000000000e+03
1.265625000000000000e+03
1.250000000000000000e+03
1.238281250000000000e+03
1.890625000000000000e+03
1.960937500000000000e+03
1.359375000000000000e+03
6.796875000000000000e+02
6.757812500000000000e+02
1.347656250000000000e+03
6.679687500000000000e+02
1.953125000000000000e+03
1.914062500000000000e+03
1.277343750000000000e+03
7.265625000000000000e+02
7.187500000000000000e+02
7.421875000000000000e+02
7.539062500000000000e+02
7.421875000000000000e+02
2.062500000000000000e+03
3.238281250000000000e+03
1.859375000000000000e+03
3.207031250000000000e+03
1.910156250000000000e+03
1.300781250000000000e+03
1.312500000000000000e+03
1.281250000000000000e+03
1.261718750000000000e+03
1.312500000000000000e+03
6.992187500000000000e+02
1.328125000000000000e+03
2.589843750000000000e+03
1.257812500000000000e+03
1.277343750000000000e+03
1.265625000000000000e+03
1.289062500000000000e+03
1.937500000000000000e+03
1.960937500000000000e+03
1.351562500000000000e+03
7.031250000000000000e+02
6.835937500000000000e+02
6.875000000000000000e+02
6.875000000000000000e+02
6.718750000000000000e+02
1.324218750000000000e+03
1.925781250000000000e+03
1.292968750000000000e+03
1.308593750000000000e+03
1.312500000000000000e+03
3.214843750000000000e+03
1.281250000000000000e+03
1.308593750000000000e+03
1.312500000000000000e+03
1.312500000000000000e+03
1.980468750000000000e+03
2.007812500000000000e+03
1.316406250000000000e+03
1.304687500000000000e+03
1.984375000000000000e+03
1.257421875000000000e+04
6.757812500000000000e+02
9.156250000000000000e+03
1.253906250000000000e+03
1.910156250000000000e+03
1.289062500000000000e+03
1.285156250000000000e+03
1.878906250000000000e+03
1.238281250000000000e+03
1.300781250000000000e+03
2.593750000000000000e+03
1.914062500000000000e+03
1.878906250000000000e+03
1.910156250000000000e+03
1.957031250000000000e+03
1.925781250000000000e+03
1.261718750000000000e+03
3.078125000000000000e+04
1.289062500000000000e+03
1.914062500000000000e+03
1.914062500000000000e+03
1.261718750000000000e+03
1.878906250000000000e+03
9.167968750000000000e+03
1.878906250000000000e+03
1.871093750000000000e+03
1.875000000000000000e+03
1.855468750000000000e+03
